1, 3, 4.14020000000369, 6.115895322917191, -0.06225570503318412, 0.05800199999999993, 0.7330896304062544, 1.0270196666666669, 100.0
2, 3, 3.213100000002356, -0.9228023301206442, -0.03083734685752981, 0.04557199999999822, 1.2532848143508348, 1.3789424285714498, 100.0
3, 3, 2.774600000001431, -1.0539698935546804, -0.004383403693902728, 0.8516619999997829, 0.9814023858995852, 3.867848222222606, 100.0
4, 3, 2.955200000001812, -0.8984772780131839, -0.0009061930539470391, 0.005727999999999983, 2.2713860000000485, 2.287252000000044, 100.0
5, 3, 3.512400000002988, -1.0069909757847726, -0.027273724667494663, 0.003549999999999993, 2.1991459999996477, 2.21343999999964, 100.0
6, 3, 4.055600000003887, -1.1171434391615083, -0.019661913003791543, 0.004880000000000002, 2.135157999999818, 2.155771999999822, 100.0
7, 3, 4.677600000002437, -1.2706118563285458, -0.008098495561355942, 0.004864000000000001, 2.1913259999998007, 2.2124679999998285, 100.0
15, 0, 4.249700000003434, -1.1937452242609197, -0.0042624157632233164, 0.004865999999999996, 2.274187999999592, 2.292021999999579, 100.0
23, 0, 4.003400000004008, -1.7889998786212853, -0.037815536821039886, 0.0027220000000000165, 3.942570000000245, 3.9530320000002455, 100.0
31, 0, 3.94000000000389, -1.825566381998883, -0.005381903510023767, -0.010262000000000097, 4.525112000002798, 4.497948000002886, 100.0
39, 0, 4.201900000003546, -1.9483904600762103, -0.021082286901904133, -0.0016900000000000515, 4.792162000002816, 4.793504000002806, 100.0
47, 0, 4.064900000003865, -2.0295388851241127, -0.025763590839638202, 0.3603260000001396, 4.9232060000029465, 5.78335400000199, 100.0
55, 0, 4.40600000000307, -1.9820838206476843, 0.002254605205678365, 0.0003699999999999999, 4.560138000000886, 4.560946000000882, 100.0
63, 0, 4.499000000002853, -1.9740684327605795, -0.022667539048720403, 0.0, 4.348290000000887, 4.348290000000887, 100.0
62, 1, 4.724400000002328, -1.8819292652906796, 0.0009673735634400174, 0.0, 3.5503319999995084, 3.5503319999995084, 100.0
61, 1, 4.751100000002266, -1.9188729041242252, -0.04806807965268173, 0.000102, 3.730568000000019, 3.730962000000019, 100.0
60, 1, 4.851400000002032, -2.1272812373971175, -0.03289795200369868, -0.004917999999999984, 4.680720000000648, 4.671288000000642, 100.0
59, 1, 4.84380000000205, -1.9234696021154896, -0.07377700334839417, 0.000114, 3.6387799999995054, 3.6392719999995045, 100.0
58, 1, 4.877000000001972, -1.9996208823216735, -0.025127724426572004, -0.0040300000000000535, 3.9766500000005367, 3.9693780000004018, 100.0
57, 1, 4.8581000000020165, -1.9538767001961614, -0.06485071871109724, 0.0004779999999999999, 3.7382780000000873, 3.7396840000000875, 100.0
56, 1, 5.584400000000324, -1.0948826276002641, -0.30881506912993345, 0.0, 2.288515999999207, 2.288515999999207, 100.0
48, 2, 5.589600000000312, -1.082362414901882, -0.15379267478672232, 0.0022680000000000005, 2.286871999999224, 2.293627999999218, 100.0
40, 2, 4.948100000001807, -1.2943219927092193, -0.024719625123067204, 0.0007399999999999994, 2.201085999999559, 2.2031199999995565, 100.0
32, 2, 5.0220000000016345, -2.388296537689621, -0.09688309215000271, 0.0025179999999999916, 5.743466000000769, 5.7473060000007665, 100.0
24, 2, 4.964900000001768, -1.9736059001386759, -0.011486368811265052, 0.001206000000000001, 3.802537999999434, 3.8048219999994335, 100.0
16, 2, 4.958600000001782, -1.961628337239413, -0.15067895085356303, 8.6e-05, 3.749361999999428, 3.749629999999428, 100.0
8, 2, 5.0473000000015755, -2.689414342631226, -0.009510567982295132, 0.0, 7.244050000001076, 7.244050000001076, 100.0
0, 2, 11.430499999986699, 31.083539077716786, -0.13358260578156567, 0.0, 0.8126639999997575, 0.8126639999997575, 100.0
