1, 3, 1.1587999999998888, -0.6430066666664694, -0.07808571428587761, 0.0, 1.0825000000015705, 1.0825000000015705, 99.25925925925925
2, 3, 1.3057999999998726, -0.8189033333321759, -0.005158571428796577, 0.0, 1.5761199999999842, 1.5761199999999842, 99.18518518518519
3, 3, 1.4043999999998618, -0.9490666666650872, 0.0011585714282918767, 0.0, 1.9617200000001485, 1.9617200000001485, 99.18518518518519
4, 3, 1.4716999999998543, -1.039303333331625, -0.0025200000002680288, 0.0, 2.233229999997412, 2.233229999997412, 99.18518518518519
5, 3, 1.5239999999998486, -1.1099866666651919, -0.09136142857171217, 0.0, 2.4430999999950824, 2.4430999999950824, 99.20370370370371
6, 3, 1.5715999999998433, -1.1792799999986587, -0.056488571428857645, 0.0, 2.634389999993153, 2.634389999993153, 99.18518518518519
7, 3, 1.5976999999998405, -1.2134333333320384, -0.028875714286069665, 0.0, 2.739119999991899, 2.739119999991899, 99.18518518518519
15, 0, 1.6229999999998377, -1.2514933333321183, -0.045872857143209655, 0.0, 2.8443499999908193, 2.8443499999908193, 99.18518518518519
23, 0, 1.6406999999998357, -1.2826933333321644, -0.021628571428911614, 0.0, 2.9509899999896394, 2.9509899999896394, 99.18518518518519
31, 0, 1.666099999999833, -1.3087466666654626, -0.05215142857180793, 0.0, 3.028039999988888, 3.028039999988888, 99.18518518518519
39, 0, 1.683999999999831, -1.3333399999988722, 0.022332857142487436, 0.0, 3.103089999987975, 3.103089999987975, 98.88888888888889
47, 0, 1.683899999999831, -1.3548899999988908, 0.0015514285710585413, 0.0, 3.1726399999875206, 3.1726399999875206, 99.12962962962963
55, 0, 1.69369999999983, -1.373163333332216, -0.09151285714322104, 0.0, 3.2496599999869527, 3.2496599999869527, 99.11111111111111
63, 0, 1.7030999999998289, -1.3963166666655726, -0.06804000000035013, 0.0, 3.316819999986318, 3.316819999986318, 99.11111111111111
62, 1, 0.8331999999999246, -0.5979833333315595, 0.01214428571433139, 0.0, 1.37395999997945, 1.37395999997945, 95.16666666666667
61, 1, 0.8303999999999249, -0.6134633333312449, -0.006048571428509302, 0.0, 1.4287899999793858, 1.4287899999793858, 95.77777777777777
60, 1, 0.8446999999999233, -0.6380966666644473, -0.07827714285707568, 0.0, 1.5078499999793598, 1.5078499999793598, 96.12962962962963
59, 1, 0.8348999999999244, -0.6451433333309855, 0.010641428571473729, 0.0, 1.538409999979282, 1.538409999979282, 95.18518518518519
58, 1, 0.8503999999999227, -0.667286666664214, -0.07439999999994082, 0.0, 1.5966699999792864, 1.5966699999792864, 96.12962962962963
57, 1, 0.8467999999999231, -0.6679766666642106, 0.00865857142862806, 0.0, 1.6578199999792917, 1.6578199999792917, 95.14814814814815
56, 1, 0.8558999999999221, -0.6851566666640904, -0.016285714285639942, 0.0, 1.694479999979297, 1.694479999979297, 95.74074074074075
48, 2, 0.847799999999923, -0.705076666664018, -0.060277142857116106, 0.0, 1.7172999999792327, 1.7172999999792327, 96.0925925925926
40, 2, 0.8507999999999226, -0.7087966666639923, -0.0005585714285289503, 0.0, 1.7493799999793056, 1.7493799999793056, 96.07407407407408
32, 2, 0.8609999999999215, -0.7305566666639675, -0.07395857142853154, 0.0, 1.8281899999793503, 1.8281899999793503, 96.11111111111111
24, 2, 0.8595999999999216, -0.7188199999972558, -0.06330857142856672, 0.0, 1.832539999979371, 1.832539999979371, 96.07407407407408
16, 2, 0.8640999999999212, -0.7308033333305313, -0.05256714285712597, 0.0, 1.8638899999793874, 1.8638899999793874, 96.07407407407408
8, 2, 0.8601999999999216, -0.7439433333304633, 0.04381571428572924, 0.0, 1.8922599999794432, 1.8922599999794432, 91.53703703703704
0, 2, 0.8705999999999204, -0.7489099999971528, -0.08662142857142817, 0.0, 1.9297999999794324, 1.9297999999794324, 96.11111111111111
