1, 3, 2.6627000000011947, 4.1579999999996415, -0.4628000000000592, 1.6701999999998325, 0.31209999999998195, 0.549099999999973, 100.0
2, 3, 1.3894999999998634, -1.3875000000000157, -0.017599999999953167, 1.3891999999998634, 1.0378999999999021, 1.0721999999998981, 100.0
3, 3, 1.1601999999998887, -1.6480999999998622, -0.09399999999996272, 3.7847000000035624, 0.802199999999928, 1.5517999999998875, 100.0
4, 3, 1.075599999999898, -0.35820000000003566, -0.00969999999982755, 0.12490000000000255, 0.16649999999999798, 0.22499999999999323, 99.14814814814815
5, 3, 0.07470000000000111, -0.02530000000000413, -0.0646999999999085, 0.28389999999998505, -0.005799999999999999, 0.07619999999999907, 99.94444444444444
6, 3, 0.015899999999999963, -0.002100000000005763, -0.03710000000015553, 0.5380999999999571, -0.010999999999999985, 0.12729999999999728, 99.25925925925925
7, 3, 0.008800000000000006, 0.011899999999983455, -0.06390000000000098, 0.5493999999999558, -0.038000000000000055, 0.160500000000011, 99.53703703703704
15, 0, 0.004000000000000001, 0.012099999999992348, -0.05680000000013893, 0.5448999999999563, 0.01619999999999996, 0.10889999999999816, 99.61111111111111
23, 0, 1.864399999999811, -0.6194999999997817, -0.0038999999998286924, 0.10110000000000187, 0.31559999999998156, 0.3361999999999793, 99.27777777777777
31, 0, 4.035500000003934, -1.3456999999996855, -0.0077999999997128856, 0.009499999999999998, 1.375899999999865, 0.02040000000003894, 99.57407407407408
39, 0, 5.403600000000745, -1.8010999999996484, -0.01359999999965664, 0.017099999999999952, 1.4088999999998613, 0.42259999999976083, 98.66666666666667
47, 0, 5.269800000001057, -1.7560999999996352, -0.000799999999599396, 0.04710000000000032, 0.8791999999999195, 0.924299999999914, 98.18518518518519
55, 0, -0.030699999999999873, 0.010499999999991372, -0.025799999999941238, 0.008400000000000005, -0.018899999999999938, 0.09309999999999578, 97.31481481481481
63, 0, -0.07000000000000098, 0.030699999999937243, -0.10279999999996027, 0.0, 0.06480000000000083, 0.06480000000000083, 97.31481481481481
62, 1, -0.0019000000000000009, 0.02959999999995942, -0.05720000000001129, 0.0, 0.11910000000000238, 0.11910000000000238, 98.74074074074075
61, 1, -0.009799999999999996, 0.01749999999995159, -0.03960000000000458, 0.0, 0.10800000000000207, 0.10800000000000207, 98.44444444444444
60, 1, -0.0026999999999999997, 0.005999999999975789, -0.0057999999999786165, -0.004199999999999998, 0.16969999999999763, -0.017500000000004314, 97.29629629629629
59, 1, -0.010099999999999994, 0.018399999999940745, -0.0430000000000098, 0.007200000000000006, 0.09420000000000167, 0.0950000000000017, 98.5925925925926
58, 1, -0.0033999999999999985, 0.006299999999961095, -0.07530000000002424, 0.00030000000000000024, 0.193499999999995, -0.01650000000000436, 97.68518518518519
57, 1, -0.1654999999999981, 0.07310000000013323, -0.013400000000075157, 0.007000000000000005, 0.09140000000000159, 0.09450000000000167, 99.11111111111111
56, 1, -0.2817999999999853, 0.21460000000019608, -0.2839999999993532, 0.0, 0.4243999999999696, 0.4243999999999696, 98.75925925925925
48, 2, 0.11340000000000222, 0.13090000000011728, -0.046999999999365216, 0.22949999999999104, 0.4187999999999702, 0.4394999999999681, 99.4074074074074
40, 2, 0.1545999999999993, -0.013700000000010036, -0.012900000000090301, 0.12930000000000208, 0.18799999999999562, 0.19499999999999476, 99.18518518518519
32, 2, 0.0008000000000000004, 0.007199999999998569, -0.0018999999999812125, 0.007700000000000007, 0.06580000000000086, 0.06890000000000095, 97.64814814814815
24, 2, -0.05180000000000046, 0.02919999999978928, -0.050999999999997776, 0.04040000000000013, 0.10190000000000189, 0.12290000000000269, 96.79629629629629
16, 2, -0.202599999999994, 0.06820000000006328, -0.05310000000004647, 0.005600000000000002, 0.1232000000000025, 0.12420000000000253, 98.18518518518519
8, 2, -0.04460000000000025, 0.017099999999991095, -0.006699999999969829, 0.0, 0.0918000000000016, 0.0918000000000016, 99.03703703703704
0, 2, 7.533599999995781, 30.134199999983124, -0.12629999999994784, 0.0, 0.27929999999998556, 0.27929999999998556, 100.0
