1, 3, 5.327800000000922, 11.615260000000186, -0.2483099999999166, 0.9958200000001933, 1.0311200000005007, 3.127860000000372, 100.0
2, 3, 1.0086999999999053, -1.3304400000020014, -0.007659999999928203, 0.3472600000000378, 2.8631199999985104, 4.027119999995886, 99.91358024691358
3, 3, 1.3226999999998708, -2.105500000002805, -0.05850000000013252, 0.2847400000000086, 5.323660000002357, 6.163140000005458, 99.96296296296296
4, 3, 1.393899999999863, -2.0113200000089493, -0.0700700000001751, -0.1862600000000336, 5.261220000007181, 5.417820000008106, 99.64197530864197
5, 3, 1.1813999999998863, -1.1487000000064025, -0.017399999999973027, 0.20891999999995253, 2.795580000015156, 2.8334400000121005, 99.14197530864197
6, 3, 0.8622999999999214, -0.3948199999961745, -0.013280000000016447, -0.030900000000000902, 0.8939000000014029, 0.3198000000053517, 99.03703703703704
7, 3, 0.25319999999998843, -0.09870000000078652, -0.00218999999968764, 0.24601999999996704, -0.2967400000000363, 0.7219799999996488, 99.20370370370371
15, 0, 0.8508999999999226, -0.41527999999745585, -0.02145999999994646, 0.3525200000000438, 0.5242200000011124, 1.5399799999947759, 98.91975308641975
23, 0, 2.09189999999999, -1.3509600000134245, -0.0563900000001, 0.2482999999999862, 2.2062200000145795, 3.1752200000387667, 98.76543209876543
31, 0, 2.6503000000011685, -1.9225600000285221, -0.039089999999989855, -0.47278000000002024, 4.148340000038503, 3.1795000000380043, 98.29012345679013
39, 0, 2.692700000001258, -2.30253999999948, -0.013380000000159296, -0.34119999999999695, 5.031100000019144, 4.566000000023569, 97.9753086419753
47, 0, 2.8559000000016024, -2.228340000000708, -0.017240000000075296, -0.08153999999998437, 4.188260000042539, 4.827220000028724, 97.49382716049382
55, 0, 0.3360999999999793, -0.30815999999077187, -0.002039999999950547, 0.014420000000000013, 1.4798799999681838, 1.4904399999679434, 98.54938271604938
63, 0, 0.4069999999999715, -0.17590000000058947, -0.023219999999849535, 0.034219999999999945, 0.4220600000017781, 0.434440000001812, 98.42592592592592
62, 1, 0.229899999999991, -0.061260000000659585, -0.033819999999385716, 0.11416000000001376, -0.0664999999999913, 0.3821399999998925, 99.45061728395062
61, 1, 0.11050000000000214, -0.03111999999982422, -0.008469999999369829, -0.15770000000000603, -0.1046800000000009, 0.4586799999997161, 99.32716049382717
60, 1, 0.2426999999999896, -0.10780000000220145, -0.049219999999571, -0.15538000000000532, 0.457500000002978, 0.14935999999870722, 98.51234567901234
59, 1, 0.1454000000000003, -0.04274000000001488, -0.08515999999930488, 0.1943400000000032, 0.006560000000003884, 0.39619999999988526, 98.5
58, 1, 0.26129999999998754, -0.08862000000106295, -0.02408999999939681, -0.24738000000002275, 0.3737400000005739, -0.002800000000022118, 98.9320987654321
57, 1, 0.1772999999999968, -0.059119999999982055, -0.017179999999437152, 0.1936200000000031, 0.018079999999905623, 0.40512000000030407, 99.15432098765432
56, 1, 0.0880000000000015, 0.010960000000026235, -0.10999999999876114, 0.0, 0.939340000000553, 0.939340000000553, 99.08024691358025
48, 2, 0.5434999999999565, -0.12328000000011782, 0.06090000000136329, 0.011039999999999979, 0.9123400000005268, 0.9186600000005327, 50.0
40, 2, 0.4884999999999625, -0.15758000000037556, -0.029989999999319568, 0.12264000000001624, -0.016179999999998935, 0.7297999999996229, 99.1604938271605
32, 2, 0.8558999999999221, -0.34649999999606623, -0.05915999999956699, 0.026860000000000064, 0.6311400000009395, 0.6386200000009281, 98.51851851851852
24, 2, 0.3351999999999794, -0.11572000000160419, -0.020879999999216057, 0.10006000000000934, -0.1480400000000818, 0.6065200000005182, 99.0
16, 2, 0.30389999999998285, -0.11118000000183406, -0.006759999999377875, 0.00018, 0.27964000000200634, 0.28078000000200926, 98.9753086419753
8, 2, 0.5305999999999579, -0.2520199999998, -0.0032399999994845237, 6.000000000000001e-05, 0.8211200000007391, 0.8211600000007393, 98.64814814814815
0, 2, 10.509499999988845, 33.04821999994994, -0.14055999999994379, 0.0, 0.40218000000013554, 0.40218000000013554, 100.0
