1, 3, 2.6755000000012217, -0.8969082494099113, -0.010782779866565928, 0.0, 1.5124859460199485, 1.51037287974633, 99.62962962962963
2, 3, 3.0075000000019223, -1.0130275663556723, -0.0149114270436385, 0.0, 1.7128649886186509, 1.7116644592395807, 99.68518518518519
3, 3, 3.1687000000022625, -1.0752160718877921, -0.011332988680469915, 0.0, 1.9331366046380336, 1.9323577757892099, 99.55555555555556
4, 3, 3.159000000002242, -1.0973413164912864, -0.009521420460778132, 0.0, 2.156068638465718, 2.155536170265859, 99.48148148148148
5, 3, 3.476500000002912, -1.2064013655835977, -0.017730780389567238, 0.0, 2.375132988388865, 2.374784226454145, 99.55555555555556
6, 3, 3.661700000003303, -1.2758023026971732, -0.017456833230153505, 0.0, 2.526388625623175, 2.5261856979709854, 99.55555555555556
7, 3, 3.834800000003668, -1.3330693559934128, -0.007597805610335883, 0.0, 2.6556732065937076, 2.6555768376342552, 99.44444444444444
15, 0, 3.7464000000034816, -1.3125576811556663, -0.009324322796304898, 0.0, 2.7250304053311503, 2.7250002105275724, 99.4074074074074
23, 0, 3.6407000000032586, -1.295848448117335, -0.012501493470548679, 0.0, 2.7781240000016303, 2.7781240000016303, 99.46296296296296
31, 0, 3.725300000003437, -1.3252793959435305, -0.01882469696923436, 0.0, 2.8460190000020744, 2.8460190000020744, 99.5
39, 0, 3.8282000000036542, -1.3618245823024335, -0.042571976671105266, 0.0, 2.9497810000025666, 2.9497810000025666, 99.70370370370371
47, 0, 3.869300000003741, -1.3862272984196244, -0.008308336516802864, 0.0, 3.0270160000030066, 3.0270160000030066, 99.44444444444444
55, 0, 3.8720000000037467, -1.396459141843968, -0.01936850325462735, 0.0, 3.101346000003481, 3.101346000003481, 99.51851851851852
63, 0, 3.856100000003713, -1.403051533417519, -0.001572825218242195, 0.0, 3.167635000003861, 3.167635000003861, 99.4074074074074
62, 1, 4.090200000003806, -1.442962498814698, -0.023120476809613197, 0.0, 2.9355190000007014, 2.9355190000007014, 100.0
61, 1, 4.063700000003868, -1.4468540814237927, -0.0008679201833856134, 0.0, 3.0314410000006906, 3.0314410000006906, 100.0
60, 1, 4.005700000004003, -1.443467139513139, 0.00011838230847915909, 0.0, 3.119080000000745, 3.119080000000745, 100.0
59, 1, 3.9895000000039946, -1.4592476453704042, -0.010961177806564582, 0.0, 3.222198000000635, 3.222198000000635, 100.0
58, 1, 3.917200000003842, -1.453570566152704, -0.0013833965800241557, 0.0, 3.2980050000006766, 3.2980050000006766, 100.0
57, 1, 3.8917000000037882, -1.4596313375165535, 0.01482388148744751, 0.0, 3.3798540000005777, 3.3798540000005777, 99.88888888888889
56, 1, 3.8104000000036167, -1.4626430525040321, -9.909765900560641e-06, 0.0, 3.460888000000606, 3.460888000000606, 100.0
48, 2, 3.7677000000035266, -1.4650436108578382, -0.0403570624154489, 0.0, 3.536341000000493, 3.536341000000493, 100.0
40, 2, 3.708700000003402, -1.4510777999065592, -0.006801974671506849, 0.0, 3.602822000000445, 3.602822000000445, 100.0
32, 2, 3.638600000003254, -1.4630123069549306, -0.02056473967233395, 0.0, 3.6756990000004017, 3.6756990000004017, 100.0
24, 2, 3.5905000000031526, -1.4724400406056892, 0.007287356975919, 0.0, 3.7433890000003673, 3.7433890000003673, 100.0
16, 2, 3.5572000000030823, -1.4694773842364832, -0.04583729485698063, 0.0, 3.8002940000003798, 3.8002940000003798, 100.0
8, 2, 3.5048000000029718, -1.4823628120702217, -0.054100865650017475, 0.0, 3.866539000000371, 3.866539000000371, 100.0
0, 2, 3.455100000002867, -1.485595769514831, -0.024878273533612952, 0.0, 3.928153000000239, 3.928153000000239, 100.0
