1, 3, 2.6152000000010944, 6.213616666668029, -0.12343142857144254, 0.055660000000000084, 0.5598899999999802, 0.7610299999999185, 100.0
2, 3, 0.8518999999999225, -0.5383133333339816, -0.09301571428572344, 0.018670000000000044, 1.0377000000001104, 1.0994700000001518, 100.0
3, 3, 1.2497999999998788, -1.1594966666664288, -0.04036714285725721, 0.033729999999999795, 2.9173799999981216, 2.9419799999980225, 100.0
4, 3, 1.555999999999845, -1.4328966666639111, -0.016448571428729578, -0.30865000000001885, 3.9167799999929747, 3.3680099999933373, 100.0
5, 3, 1.228799999999881, -0.9655233333339097, 0.0013214285714083507, -0.05878999999999099, 3.077180000006213, 2.1646500000008597, 100.0
6, 3, 1.3312999999998698, -0.8333500000006666, -0.0037414285714025275, 0.0037000000000000045, 2.6026300000009686, 2.610750000001028, 99.85185185185185
7, 3, 1.1248999999998925, -0.5400266666677671, -0.027065714285840394, 0.02963999999999913, 1.728659999998496, 1.7992499999982645, 100.0
15, 0, 1.1445999999998904, -0.5490900000011365, -0.030614285714382843, 0.00863, 1.842669999998112, 1.8635099999980484, 100.0
23, 0, 1.5338999999998475, -0.8598033333340432, -0.047948571428598076, 0.004780000000000002, 2.688330000001034, 2.7029200000011304, 100.0
31, 0, 1.4613999999998555, -1.032030000000326, -0.06528428571433464, 0.006879999999999991, 3.492300000006613, 3.5066900000067007, 99.87037037037037
39, 0, 1.7526999999998234, -1.2653133333320308, -0.034865714285738605, -0.28947000000002193, 4.603930000010771, 3.9934000000134597, 99.85185185185185
47, 0, 1.7401999999998248, -1.3178299999982386, -0.0024614285714724144, -0.3448500000000726, 4.784360000011464, 4.464070000013197, 99.77777777777777
55, 0, 1.6882999999998305, -1.3516033333312025, -0.008980000000028967, 0.005280000000000001, 4.906860000011126, 4.918110000011114, 99.79629629629629
63, 0, 1.492299999999852, -0.9532566666673301, -0.06801142857143087, 0.01062000000000001, 3.0774300000034134, 3.099240000003536, 99.51851851851852
62, 1, 1.6977999999998294, -1.07190333333368, -0.07394285714294219, 0.22883000000008505, 3.219460000004594, 3.8839000000064927, 99.46296296296296
61, 1, 1.5971999999998405, -0.8840066666681349, -0.03803000000006704, -0.2568999999999902, 3.4727800000061415, 3.2021600000060118, 99.42592592592592
60, 1, 2.068699999999941, -1.6299099999945836, -0.05090000000000285, 0.001, 5.837750000012325, 5.840300000012319, 99.11111111111111
59, 1, 1.9882999999997975, -1.1962499999984852, -0.08798857142864022, 0.0010200000000000005, 4.802020000012542, 4.8062100000125625, 99.66666666666667
58, 1, 1.9910999999997971, -1.159596666665519, -0.054975714285837744, 0.000910000000000001, 4.67964000001163, 4.681240000011634, 99.5
57, 1, 1.8482999999998129, -1.0668700000000948, -0.0311757142858457, 0.00021, 4.232450000009484, 4.233030000009487, 99.44444444444444
56, 1, 1.3438999999998684, -0.71057333333481, -0.02531142857169588, 0.00015000000000000001, 2.738680000001222, 2.739160000001224, 100.0
48, 2, 1.6675999999998328, -0.9314566666678638, -0.04595428571440604, 0.00034000000000000013, 3.6270000000062574, 3.62739000000626, 99.24074074074075
40, 2, 1.9511999999998015, -1.1207066666659513, -0.009107142857211582, 0.015169999999999748, 4.398360000010248, 4.413230000010302, 100.0
32, 2, 1.4815999999998533, -0.7117300000014083, -0.1114571428574008, 0.015290000000000028, 2.3335199999991145, 2.3600499999992386, 99.33333333333333
24, 2, 1.4124999999998609, -0.7377533333344548, -0.09491142857169405, 0.01685999999999948, 2.636470000000333, 2.656720000000423, 99.24074074074075
16, 2, 1.7877999999998195, -1.0065000000002748, -0.10029714285728566, 0.0010100000000000013, 3.926840000007728, 3.929380000007741, 99.24074074074075
8, 2, 1.766399999999822, -0.9984733333337301, -0.021391428571615134, 0.00023, 3.912950000007676, 3.9133500000076777, 99.85185185185185
0, 2, 8.371399999993828, 28.177886666696057, -0.19503142857142108, 0.0, 0.31823000000004054, 0.31823000000004054, 100.0
