1, 3, 4.128100000003718, 6.4212808038853355, -0.08785123615646948, 0.3455339999999977, 1.0144663001122933, 3.386862619047551, 100.0
2, 3, 3.2427000000024186, -1.0104540064337542, -0.015665958257124364, 0.4744260000000888, 2.1055332499996844, 4.427532428572425, 100.0
3, 3, 2.7418000000013616, -0.9365200728368208, -0.005332591959907193, 0.565651999999952, 2.203255777366932, 4.7851642222225825, 100.0
4, 3, 2.3257000000004835, -0.9367169722943398, -0.005000473860226749, 0.6228699999999104, 3.0416759999986955, 5.445072000001748, 100.0
5, 3, 3.1143000000021477, -1.2876374801889072, -0.009621294600880126, 0.8736379999996219, 3.996290000000593, 7.224416000002461, 100.0
6, 3, 4.167400000003626, -1.450199000673331, -0.031004554100107835, 0.49395200000002154, 5.713976000003149, 8.20333600000057, 100.0
7, 3, 5.156000000001322, -1.642315436044407, -0.00563445167439813, 0.630789999999945, 5.892116000005061, 9.230780000008977, 100.0
15, 0, 4.421000000003035, -1.4478699787745137, -0.05956805069778209, 1.291579999999258, 5.0824020000020536, 9.908448000003013, 100.0
23, 0, 4.425100000003026, -1.9458389017670576, -0.016311785123013754, 1.0699559999994384, 6.094816000001127, 11.429979999999242, 100.0
31, 0, 4.9323000000018435, -2.626803791795958, -0.01092909408541894, 1.0253099999994606, 6.943612000006508, 12.332102000000086, 100.0
39, 0, 3.8795000000037625, -2.69372842274915, 0.001966072548033118, 1.5047239999990318, 7.014384000015182, 13.946289999998175, 99.92592592592592
47, 0, 4.08870000000381, -3.0049555635235965, 0.004748149232605206, 1.4264819999991272, 9.821219999998362, 13.568403999992752, 99.85802469135803
55, 0, 4.689800000002409, -3.094229953078009, -0.011508124698801657, 0.0020699999999999994, 11.60082599999094, 11.60666599999093, 99.85802469135803
63, 0, 6.471899999998255, -3.4036876719194242, -0.07931690655056897, 0.0018580000000000011, 11.104405999996304, 11.110637999996282, 99.95061728395062
62, 1, 7.961399999994784, -3.086261090088601, -0.04022381008345981, 0.11461800000001145, 10.49131199998784, 10.893507999988147, 100.0
61, 1, 7.073199999996854, -3.0790228431776008, -0.023943414853171335, 2.438077999998598, 9.285105999988623, 15.901481999986256, 100.0
60, 1, 6.827199999997427, -3.5981835569009077, -0.010475337113333046, 1.0216979999995826, 11.147351999990258, 15.943581999985225, 100.0
59, 1, 6.771399999997557, -3.0125580896656925, -0.02272910255198758, 1.312463999999496, 10.12627199999774, 15.080059999995182, 100.0
58, 1, 7.497399999995865, -4.123969822494906, -0.02382796615096716, 1.48312199999951, 11.799453999997798, 14.928545999999828, 100.0
57, 1, 5.968999999999427, -3.5946269541752707, -0.006415546172325863, 1.2303699999994995, 11.085273999999792, 15.72006999999707, 100.0
56, 1, 7.318699999996282, -1.7440178195502791, -0.24956700662434864, 3.6e-05, 11.016051999988543, 11.016195999988545, 100.0
48, 2, 9.039299999992272, -2.223125254446702, -0.1838362672557093, 0.001, 10.8067559999884, 10.809683999988396, 100.0
40, 2, 6.153399999998998, -3.002551535534797, -0.05567992914401877, 1.2351999999995178, 10.440529999998036, 15.669263999993554, 100.0
32, 2, 8.390199999993785, -4.527932218576741, -0.05741290528950167, 0.0034819999999999643, 13.682388000004398, 13.689610000004404, 100.0
24, 2, 6.195899999998899, -3.283003048497294, -0.008801197017043925, 1.9173139999989057, 10.707608000000015, 17.141331999989387, 100.0
16, 2, 6.61999999999791, -3.559250285628376, -0.023491311574596767, 0.00018, 13.132607999998896, 13.1331379999989, 100.0
8, 2, 6.7369999999976375, -4.610618927147832, -0.024037303394343276, 0.00015799999999999996, 15.822901999990366, 15.82312799999037, 99.98765432098766
0, 2, 14.106899999980461, 47.45228583362218, -0.19783123466896624, 0.0, 2.061961999996755, 2.061961999996755, 100.0
