1, 3, 2.6849000000012415, 4.56816000000045, -0.15069999999997868, 0.8425999999999335, 0.32336000000001996, 0.7271800000002061, 100.0
2, 3, 0.7586999999999328, -1.3508600000010182, -0.010740000000009717, 0.08947999999999778, 1.21974000000056, 1.270180000000585, 100.0
3, 3, -0.006600000000000001, -2.206260000000724, -0.07789999999999633, 1.0237600000004394, 1.1838000000005073, 3.3333600000002446, 100.0
4, 3, 0.48169999999996327, -0.4553199999987217, -0.0024999999999963628, 0.16720000000000107, 1.1106999999995473, 1.393919999998509, 99.64814814814815
5, 3, 0.21109999999999307, -0.1536400000002589, -0.009279999999958726, 0.06761999999999868, 0.592880000000615, 0.6288000000006058, 99.53703703703704
6, 3, 0.11320000000000222, -0.07764000000029557, -0.007359999999962913, 0.16691999999999502, 0.2644399999999953, 0.33528000000021024, 99.68518518518519
7, 3, 0.13120000000000187, -0.03526000000003916, -0.013329999999807631, 0.15857999999999509, 0.08425999999993126, 0.18172000000014324, 99.61111111111111
15, 0, 0.24279999999998958, -0.09058000000026448, -0.021639999999914117, 0.1023199999999973, 0.1497000000000215, 0.206000000000079, 99.74074074074075
23, 0, 0.8585999999999218, -0.6192599999985632, 0.001719999999970895, 0.043359999999999566, 1.5791399999918294, 1.5984599999916482, 99.44444444444444
31, 0, 1.220499999999882, -1.0387200000017107, -0.015260000000009736, -0.3126600000000172, 2.8154800000092344, 1.6281599999905836, 99.96296296296296
39, 0, 1.5347999999998474, -1.3727800000077568, -0.0029500000000996862, -0.27074000000001747, 3.2269000000104318, 2.6298400000075732, 99.85185185185185
47, 0, 0.69259999999994, -1.239600000008065, 0.010839999999888548, 0.2577399999999762, 3.1161000000147006, 3.9223800000113007, 99.05555555555556
55, 0, 0.04050000000000013, -0.013900000000038151, -0.005099999999984894, 0.012599999999999823, 0.08436000000001828, 0.1416799999999986, 98.57407407407408
63, 0, 0.070800000000001, -0.01691999999998915, -0.006419999999962835, 0.0, 0.15106000000006437, 0.15106000000006437, 99.24074074074075
62, 1, 0.27839999999998566, -0.08190000000009422, -0.011609999999855349, 0.0, 0.28375999999991847, 0.28375999999991847, 99.42592592592592
61, 1, 0.09920000000000181, -0.025439999999967166, -0.019699999999855906, 0.00014000000000000001, 0.24234000000000336, 0.24266000000000332, 99.16666666666667
60, 1, 0.21949999999999215, -0.06392000000012514, -0.013689999999801384, -0.24943999999997368, 0.3645600000002182, -0.013199999999976592, 99.37037037037037
59, 1, 0.02979999999999988, -0.005920000000003563, -0.013979999999736634, 4e-05, 0.18475999999980344, 0.1849199999998034, 99.18518518518519
58, 1, 0.1092000000000021, -0.03059999999990081, -0.03505999999969239, -0.24207999999997218, 0.34368000000045484, -0.011519999999963225, 98.29629629629629
57, 1, -0.011599999999999985, 0.009799999999980725, -0.011309999999724877, 0.00028000000000000003, 0.17915999999971619, 0.18019999999971562, 99.29629629629629
56, 1, 0.13300000000000167, 0.059039999999955246, -0.05719999999996138, 0.0, 0.6403800000002645, 0.6403800000002645, 99.70370370370371
48, 2, 0.2696999999999866, 0.016639999999968066, -0.06716999999991688, 0.04313999999999967, 0.6251400000002437, 0.6484200000002709, 99.72222222222223
40, 2, 0.3449999999999783, -0.08170000000007817, -0.06949999999967574, 0.009879999999999991, 0.360900000000313, 0.3680000000003263, 99.27777777777777
32, 2, 0.411499999999971, -0.16918000000026434, -0.03824999999988209, 0.00030000000000000003, 0.3840000000010759, 0.3852200000010793, 98.20370370370371
24, 2, 0.04740000000000033, -0.005540000000038336, -0.08404999999957694, 0.0042400000000000085, 0.2105599999997361, 0.21813999999973913, 98.22222222222223
16, 2, -0.0024999999999999996, 0.004619999999992543, -0.06917999999958206, 0.00012000000000000002, 0.240499999999738, 0.24089999999973796, 98.24074074074075
8, 2, 0.5015999999999611, -0.19522000000005496, -0.023479999999875854, 0.0, 0.4478200000003682, 0.4478200000003682, 98.57407407407408
0, 2, 7.668699999995466, 24.045799999976374, -0.16541999999998064, 0.0, 0.1983999999999977, 0.1983999999999977, 100.0
