1, 3, 4.83090000000208, 10.464436666663415, -0.04894571428572338, 0.8213699999998546, 1.4273399999994831, 4.881999999999095, 100.0
2, 3, 1.7901999999998193, -1.6154266666637314, -0.03729000000000061, 0.5637800000000099, 2.8593900000016252, 5.57546999999941, 99.98765432098766
3, 3, 2.015099999999828, -2.2552966666642438, -0.013402857143114642, 0.6184899999999794, 5.095969999999035, 7.373400000003992, 100.0
4, 3, 2.080099999999965, -2.1610166666635884, -0.04557857142863059, 0.013889999999926513, 5.899869999995897, 6.852229999993847, 99.85185185185185
5, 3, 2.140600000000093, -1.7328833333276001, 0.0009657142857288512, 0.13884000000005955, 5.965850000003603, 6.343090000002984, 99.57407407407408
6, 3, 2.3418000000005175, -1.4156066666638998, -0.03136714285717751, 0.062339999999964445, 4.674580000013629, 4.971070000014544, 99.70987654320987
7, 3, 2.2973000000004236, -1.2440799999988543, -0.06514428571470382, 0.25862000000002794, 3.9299100000076304, 5.4804500000067, 99.4753086419753
15, 0, 2.564700000000988, -1.4550899999964653, -0.03019714285738057, 0.5224200000000593, 4.753590000010049, 6.703130000011285, 99.82716049382717
23, 0, 3.010200000001928, -2.310313333334338, -0.011482857142860738, 0.36267000000007743, 7.3632300000167685, 9.084529999985564, 99.43827160493827
31, 0, 2.911100000001719, -2.373466666669015, 0.0019357142855981327, -0.373330000000123, 8.718889999984963, 8.483279999993142, 99.40123456790124
39, 0, 3.062300000002038, -2.6692200000090494, 0.0038271428570807, -0.34397000000007766, 9.553989999974078, 9.747879999979844, 98.8641975308642
47, 0, 2.9370000000017735, -2.7079600000123603, -0.07691428571440392, -0.3685000000001202, 10.416089999966035, 10.025569999973715, 98.50617283950618
55, 0, 4.2646000000034, -2.6131900000175943, -0.013175714285875996, 0.02789999999999903, 10.902009999923083, 10.960069999922501, 99.0925925925926
63, 0, 3.6743000000033295, -2.1933599999978353, -0.01705714285742665, 0.0034000000000000037, 9.019759999990962, 9.027149999990726, 99.72222222222223
62, 1, 3.0663000000020464, -1.6631866666597832, -0.02689571428641619, 0.05648000000000679, 6.213560000011843, 6.374120000013147, 99.83333333333333
61, 1, 2.649100000001166, -1.589369999991884, -0.007345714286173774, 0.20969000000008742, 6.249120000010745, 7.505080000010656, 99.8641975308642
60, 1, 3.2526000000024395, -1.964873333321268, -0.007345714286310284, -0.08231000000000262, 8.194820000015689, 8.422890000007893, 99.76543209876543
59, 1, 2.69360000000126, -1.6691733333247887, -0.0009028571435909912, 0.32473000000003005, 6.881490000012842, 7.849350000012364, 99.81481481481481
58, 1, 3.4759000000029108, -2.0354799999913875, -0.020575714286692526, -0.10070000000001, 8.363340000010382, 8.30053000001564, 99.82716049382717
57, 1, 2.841400000001572, -1.820463333323704, -0.037040000000844606, 0.3039200000000306, 7.782360000020309, 8.680209999998127, 99.8395061728395
56, 1, 1.067199999999899, -0.3613100000005086, -0.0625414285714739, 0.00013000000000000002, 2.3200199999985265, 2.3204799999985277, 99.78395061728395
48, 2, 1.5612999999998445, -0.5288666666675365, -0.17643857142852523, 0.0035200000000000053, 2.4086499999990756, 2.415309999999083, 99.9320987654321
40, 2, 2.58460000000103, -1.6591666666586276, -0.01028285714352355, 0.24151000000002026, 6.9266900000154505, 8.146520000011135, 99.89506172839506
32, 2, 4.0703000000038525, -2.354383333336264, -0.004460000000913702, 0.017709999999999497, 9.372449999973167, 9.380599999972842, 99.89506172839506
24, 2, 2.9544000000018102, -1.8589833333238568, -0.08142285714392382, 0.2344100000000202, 7.536450000025961, 8.72891999999565, 99.24691358024691
16, 2, 3.2000000000023285, -1.9778499999880528, -0.01090714285789989, 0.00021, 8.50644000000319, 8.506870000003165, 99.88888888888889
8, 2, 3.9429000000038963, -2.527033333341746, -0.03608428571488391, 8e-05, 11.183099999914747, 11.183359999914735, 99.87654320987654
0, 2, 11.382399999986811, 39.4642433333623, -0.16205428571421926, 0.0, 0.6710899999998895, 0.6710899999998895, 100.0
