1, 3, 4.116100000003746, 6.132893492203484, -0.12385986238603879, 0.02157200000000004, 0.7242188744233612, 0.8428913809523796, 100.0
2, 3, 3.29070000000252, -0.9053178889213221, -0.01278653509081034, 0.008092000000000004, 1.7675082004778173, 1.8037234285719692, 100.0
3, 3, 2.825000000001537, -0.8710226870517294, -0.00048124024459637177, 0.008952000000000118, 2.0931356883120937, 2.1156833333336587, 100.0
4, 3, 2.922100000001742, -0.9932155025788819, -0.0635190826511488, 0.003910000000000049, 2.550250000000286, 2.557194000000282, 100.0
5, 3, 3.40440000000276, -1.177110154235136, -0.0016682692563592984, 0.005546000000000233, 2.748636000000127, 2.75070200000011, 100.0
6, 3, 3.68400000000335, -1.3527203361216944, -0.0016025774219093382, 0.0015000000000000007, 2.9694240000000307, 2.974124000000034, 100.0
7, 3, 4.034300000003936, -1.1512178051883257, -0.0023615896876252283, 0.004026000000000008, 2.540153999999815, 2.5493899999998044, 100.0
15, 0, 4.2565000000034185, -1.277760923973024, -0.0412776801194482, 0.003151999999999997, 2.7024079999997195, 2.7136279999997157, 100.0
23, 0, 4.254300000003424, -1.7479349720395145, -0.03234289532191391, 0.0022939999999999983, 3.399201999999979, 3.4087459999999776, 100.0
31, 0, 4.907400000001902, -2.060576577010758, -0.003067582262819425, 0.003327999999999993, 3.9798240000004146, 3.987750000000414, 100.0
39, 0, 3.746600000003482, -2.0041243425632866, -0.03150924936729739, 0.7912719999998157, 3.9377180000005287, 6.894378000003539, 100.0
47, 0, 4.203900000003541, -2.088409387172604, -0.021679832092447785, -0.003536000000000068, 5.0744580000004635, 5.073918000000484, 100.0
55, 0, 4.3166000000032785, -2.213171338557, -0.008571675236369222, 0.0024479999999999992, 5.321864000002454, 5.328736000002473, 100.0
63, 0, 4.705200000002373, -2.0456952211607122, -0.09538708423769707, 0.0051020000000000145, 3.8007079999981053, 3.814681999998098, 100.0
62, 1, 4.877200000001972, -2.4888439528447805, -0.06627611311535775, 0.019935999999999898, 4.824327999997852, 4.859955999997953, 99.72222222222223
61, 1, 4.934400000001839, -2.4718944578245936, -0.006816762762413907, -0.005277999999999958, 5.042655999998006, 5.038877999998046, 100.0
60, 1, 4.070800000003851, -2.9007932408648154, -0.010428562521895099, 0.000514, 7.724886000006947, 7.726408000006952, 100.0
59, 1, 4.853700000002027, -2.8524888432570465, -0.014221585987044122, 0.0004759999999999998, 6.70036200000023, 6.702114000000236, 100.0
58, 1, 4.92530000000186, -2.86360548908982, -0.021290020689701122, 0.000548, 6.626702000000324, 6.627918000000328, 100.0
57, 1, 4.978600000001736, -2.7567948698056695, -0.05733394750065382, 0.000126, 6.176487999999063, 6.176787999999064, 100.0
56, 1, 4.9392000000018275, -2.2438050797197833, -0.06344737746052592, 6.400000000000001e-05, 4.2628139999993255, 4.263077999999325, 100.0
48, 2, 4.995300000001697, -2.6008417601071145, -0.0978202510012969, 0.00020399999999999997, 5.641207999996562, 5.641417999996563, 100.0
40, 2, 5.058500000001549, -2.819833869380236, -0.02070484776208221, 0.003299999999999999, 6.500913999995474, 6.509371999995461, 100.0
32, 2, 5.384800000000789, -2.257624525193237, -0.026978962909949764, 0.0026340000000000014, 3.7154079999994254, 3.726307999999426, 100.0
24, 2, 4.874100000001979, -2.245229687770504, -0.09183144528640103, 1.0514539999996229, 3.4675399999993703, 5.433712000001023, 100.0
16, 2, 5.101700000001449, -2.6272148014016157, -0.10341749790866649, 0.00018800000000000002, 5.563621999997444, 5.564331999997446, 100.0
8, 2, 5.124600000001395, -2.6566725300677105, -0.03460845333846562, 0.000248, 5.611029999997344, 5.611285999997345, 100.0
0, 2, 11.436199999986686, 31.04563003661055, -0.21304504100302643, 0.0, 0.8625739999997359, 0.8625739999997359, 100.0
