1, 3, 3.249100000002432, 6.1526000000013505, -0.028015714285715046, 0.654530000000019, 0.5626199999999834, 1.0833899999999062, 100.0
2, 3, 1.2549999999998782, -1.349786666665783, -0.02858000000004029, 0.027259999999999982, 1.33034000000035, 1.3810300000003972, 100.0
3, 3, 0.43389999999996853, -2.2983533333329174, -0.03709571428579979, 1.0821399999998953, 1.2306400000003004, 3.556710000000877, 100.0
4, 3, 1.112499999999894, -0.7421333333342726, -0.001947142857153408, 0.009809999999999928, 2.36208999999999, 2.389930000000142, 100.0
5, 3, 1.1735999999998872, -0.65053333333419, -0.0006485714285744829, 0.009349999999999973, 1.9216199999968173, 1.9489799999967103, 100.0
6, 3, 1.0285999999999031, -0.4669166666675551, -0.04038571428576224, 0.019760000000000007, 1.3673699999988598, 1.4196799999986218, 100.0
7, 3, 0.9569999999999109, -0.39232000000053807, -0.042972857143052615, 0.02090000000000003, 1.0619700000000236, 1.1162799999997817, 100.0
15, 0, 1.1065999999998946, -0.5159800000010298, -0.00948714285726477, 0.017990000000000023, 1.5501399999981282, 1.5974499999979037, 100.0
23, 0, 1.4914999999998522, -1.1096166666664176, -0.011851428571439296, 0.00821999999999997, 3.8539700000094532, 3.8763200000096, 100.0
31, 0, 1.5972999999998405, -1.195143333332324, -0.05405714285717879, -0.30670000000004927, 4.565750000015547, 3.5161700000192746, 99.92592592592592
39, 0, 1.8137999999998167, -1.3969833333300787, -0.0038114285714822976, -0.27449000000000795, 4.713780000013913, 4.155140000024575, 100.0
47, 0, 1.5879999999998415, -1.4477333333297417, -0.043428571428617224, 0.08123999999999781, 4.995250000009105, 5.130440000005553, 100.0
55, 0, 1.8873999999998086, -1.0457066666662576, -0.04742000000003359, 0.024979999999999152, 3.9682800000091856, 4.021380000009501, 99.05555555555556
63, 0, 1.6059999999998396, -0.872730000001389, -0.011594285714384242, 0.0, 3.358580000005534, 3.358580000005534, 100.0
62, 1, 1.3776999999998647, -0.6851800000013104, -0.09020428571452777, 0.0, 2.416839999999475, 2.416839999999475, 99.11111111111111
61, 1, 1.3668999999998659, -0.7020666666680053, -0.013710000000199202, 0.006499999999999903, 2.607570000000618, 2.60801000000062, 99.85185185185185
60, 1, 1.6978999999998294, -0.8838066666675486, -0.02046142857169795, -0.29310000000002573, 3.445220000006701, 2.820900000002969, 99.85185185185185
59, 1, 1.364999999999866, -0.6991666666678835, -0.014184285714666805, 0.00019, 2.509369999999904, 2.510109999999908, 99.85185185185185
58, 1, 1.5609999999998445, -0.7677966666672995, -0.09127714285758845, -0.2853400000000181, 2.8561500000023083, 2.2452299999961225, 98.77777777777777
57, 1, 1.4491999999998568, -0.734073333334192, -0.05480142857182556, 0.0003700000000000002, 2.657220000000579, 2.6583800000005877, 99.85185185185185
56, 1, 0.7831999999999301, -0.1428866666666332, -0.07860285714291296, 0.0, 0.5852700000002403, 0.5852700000002403, 99.88888888888889
48, 2, 0.8175999999999263, -0.14700666666662637, -0.031971428571422926, 0.01048, 0.5774400000002308, 0.5945400000002542, 99.66666666666667
40, 2, 1.002799999999906, -0.3950433333338247, 0.015727142857013387, 0.003330000000000006, 1.1924299999996077, 1.1986399999995747, 51.666666666666664
32, 2, 1.9821999999997981, -1.0957699999991193, -0.03527000000030041, 0.0006800000000000008, 4.241020000012068, 4.242460000012077, 99.85185185185185
24, 2, 1.4950999999998518, -0.7504400000007238, -0.1377157142861955, 0.001410000000000001, 2.6954000000003924, 2.6974700000004046, 98.88888888888889
16, 2, 1.384399999999864, -0.6839433333344778, -0.09921285714320806, 0.0001, 2.5110999999996064, 2.511479999999609, 99.20370370370371
8, 2, 2.201300000000221, -1.2961166666641293, -0.01160857142864807, 0.0, 5.299050000016075, 5.299050000016075, 99.75925925925925
0, 2, 8.340299999993901, 28.112046666695115, -0.20017142857142683, 0.0, 0.2439600000000052, 0.2439600000000052, 100.0
