1, 3, 381.85422689223515, 343.1347220405516, -3.1592153111907644, 212.6353310003836, 178.91137013062428, 1601.4150502379803, 50.0
2, 3, 673.7445404474366, 638.8754227867464, -63.46138942617504, 379.8562699954892, 305.20312120840737, 33407.917454296694, 40.46296296296296
3, 3, 412.1242139044466, 661.9726797137524, -64.81415126338366, 215.10182075464166, 207.25221156524458, 4375.442535401075, 38.77777777777778
4, 3, 532.1824747212765, 456.47833684097486, -56.11390813132025, 295.352320998659, 253.24694453799546, 21101.712459817612, 25.055555555555557
5, 3, 214.759344235888, 178.2982871074245, -18.33066200172358, 123.72644299870196, 107.68980138087588, 699.8897310235075, 25.72222222222222
6, 3, 342.23207912808203, 414.9200464907523, -37.249511604567346, 184.73356099956604, 166.75843250232992, 4269.458987736298, 29.72222222222222
7, 3, 202.66601785233308, 128.5236555222709, -13.142178195083293, 119.29991999939203, 101.67491550765057, 669.0449291496028, 36.148148148148145
15, 0, 468.3995157942246, 397.5308866141917, -40.59936691936658, 256.33173100049623, 230.46889539478158, 16861.413648224316, 36.666666666666664
23, 0, 262.282699997389, 197.45843700016553, -22.215618000223028, 146.3619289993257, 133.03272500297342, 853.8385149985243, 30.14814814814815
31, 0, 283.9422999979363, 296.8684670003498, -40.275961999951654, 155.11455999968862, 146.96652200384298, 915.1736209971124, 18.64814814814815
39, 0, 244.37869999819995, 350.77049499760875, -53.01180499960394, 135.62676699934457, 129.72298800309676, 774.8798969931707, 15.925925925925926
47, 0, 179.55079999900195, 611.1331899930359, -74.66226599931409, 102.5762570001823, 98.74442900195514, 520.8391609973793, 15.24074074074074
55, 0, -0.08409999999825452, 0.02537521275412404, -0.01897539928099457, 0.5891909999999364, -0.5825310000127057, 0.5960869999868463, 26.22222222222222
63, 0, 0.01270000000004018, 0.00739115213831332, -0.02933343094633732, 0.0, -0.022601000000480397, -0.022601000000480397, 34.51851851851852
62, 1, 0.057299999999757996, 0.0012741315830811007, -0.03411453146066257, 0.0, -0.04427700000025066, -0.04427700000025066, 42.81481481481482
61, 1, -4.125600000043015, -3.68077330769992, -0.07514200000043278, 10.466443999990682, -2.8095700000016386, 38.9042440001069, 38.81481481481482
60, 1, -3.7730000000432744, -1.1070853716891642, -0.09445298099470381, 5.664387999997281, -3.227145999991484, 19.15185399977779, 40.68518518518518
59, 1, -2.3247000000225864, -1.6187082459200184, -0.02598251612903852, 5.39623599999915, -2.4680339999910523, 19.08655499978092, 40.666666666666664
58, 1, -1.6900000000205722, -2.5191718918040054, -0.04996779229515129, 6.440577999996942, -2.1414389999917356, 24.061739999729294, 42.53703703703704
57, 1, -1.933700000017709, -6.03966606026679, -0.027757825522378647, 13.739962999976948, -1.747157000000836, 50.66506000033037, 42.51851851851852
56, 1, 0.18789999999791154, 0.004426964352722892, -0.10035988362215095, 0.0, -0.1519639999984342, -0.1519639999984342, 46.25925925925926
48, 2, 3.29019999999739, -3.1898305573575216, -0.1003093864468221, 5.146971999998001, 0.5300479999918062, 15.94197199994733, 46.25925925925926
40, 2, -4.405400000019346, -8.31778399993464, -0.05876499999953041, 16.575029999995227, -2.494609000000842, 73.59253500067321, 44.01851851851852
32, 2, -5.311200000001543, -3.0040511813868744, -0.06288399856562131, 11.71792200000291, -3.49829599998832, 37.06355099994312, 37.388888888888886
24, 2, -1.6463000000212162, -2.8901566703245876, -0.04383143478284398, 7.785028999999398, -2.1645289999909063, 26.734263999716124, 37.75925925925926
16, 2, -0.5169000000019943, -0.33680402113643926, -0.12890069494356668, 2.0782750000002745, -1.7957919999948424, 5.413657000013521, 37.75925925925926
8, 2, -0.036000000000230126, 0.016490155327308777, -0.005975558441619712, 0.0, -0.018427000000208263, -0.018427000000208263, 42.44444444444444
0, 2, -0.11089999999833512, 0.17072200000125742, -0.16784500000373273, 0.0, -0.40248700000433835, -0.40248700000433835, 50.0
1, 3, 390.84592689205334, 346.28530657391394, -3.188501820607605, 214.22471800019147, 185.5111281090091, 1631.5587182536717, 50.0
2, 3, 792.4908404424349, 758.8850785232387, -84.30539242547893, 422.10087699373156, 380.2827852026361, 57275.421419373386, 29.537037037037038
3, 3, 359.0171540168103, 546.2386169928163, -64.13137728425673, 192.68114400140163, 183.42421865167458, 2081.3296152334065, 26.51851851851852
4, 3, 454.41327471833455, 609.4389870332999, -89.29376284503793, 238.5125560005229, 231.27891153581075, 12738.103667857662, 30.074074074074073
5, 3, 240.06436208823476, 632.4445415865341, -79.52088316921414, 136.80395299960415, 126.5653607938979, 1712.7898852077694, 26.74074074074074
6, 3, 2.171394917417094, -6.692357217815103, -0.04025961235393968, 23.028320999949326, 0.7200759126080342, 74.27712229028015, 35.01851851851852
7, 3, 13.856117853678287, -0.8322014778125204, -0.5574841949736723, 35.763876999994885, 8.943303506002849, 328.3022711562185, 40.7037037037037
15, 0, 45.5028157896066, 30.180943611189456, -4.332876919310873, 53.43618999998449, 27.616063389488993, 557.1243883246744, 43.129629629629626
23, 0, 146.65029999859084, 289.5825919999669, -32.04249900020767, 91.7191419992023, 78.32368100183916, 518.0240809969836, 38.092592592592595
31, 0, 39.03169999986552, 91.84719599856341, -11.775014000064937, 45.77420600007291, 24.928393999696, 236.6400170063662, 42.888888888888886
39, 0, -1.5672000000345048, -3.3758490975408826, 0.024457237116456042, 8.091387999999569, -2.6115039999648824, 29.638010999517107, 29.09259259259259
47, 0, 0.030899999999796545, -0.0023338790454124248, -0.0040014555747624305, 0.0, -0.021249999999700418, -0.021249999999700418, 41.74074074074074
55, 0, 0.006800000000088139, 0.0037185378653538785, -0.026386255599072577, 0.0, -0.021346999999724163, -0.021346999999724163, 41.74074074074074
63, 0, 0.02929999999988485, 0.004408666666670609, -0.003804285714553298, 0.0, -0.04487800000106655, -0.04487800000106655, 44.388888888888886
62, 1, -1.6692000000217302, -0.18869818304824187, -0.01874567567596028, 3.2395890000017156, -2.095627999987831, 6.887141000023275, 46.333333333333336
61, 1, 4.863199999990669, -13.57885335889809, 0.02366538043358203, 22.138706999991424, 1.6882770000020695, 88.56270000141512, 44.148148148148145
60, 1, 36.92809999987776, 43.141340999624234, -4.489405999996172, 45.18609300004197, 23.53988099976373, 211.81406400500848, 40.46296296296296
59, 1, 9.740100000097584, -18.8324988961075, -0.10793265615428967, 27.176055000024487, 4.270107000028971, 115.29080200205972, 40.425925925925924
58, 1, 74.31510000030848, 93.10391999963382, -10.335507000017872, 60.767167999889864, 43.2969830002062, 301.25534700240314, 35.53703703703704
57, 1, 35.621299999805025, -5.241937999947049, -0.47980500000480975, 51.66069799983572, 22.88588199976188, 257.8992720050922, 39.72222222222222
56, 1, 32.21149999973518, -31.776732685275174, 0.034868633977562506, 30.026079000036745, 14.807526999857222, 151.89958900271358, 43.425925925925924
48, 2, 45.84829999997348, -46.443459581937574, 0.0036805450846826102, 43.66651499991063, 21.823611999730172, 224.54947900466783, 43.44444444444444
40, 2, 60.235400000008276, -53.81408179819425, -0.0038168355428689618, 56.02559799989195, 30.23558999964427, 309.2030220041193, 38.74074074074074
32, 2, 72.96619999987192, -35.88384185992328, -0.13114750169569642, 65.54578599971033, 36.76673199985479, 357.87372200444764, 37.94444444444444
24, 2, 86.65959999987355, -17.50770432262842, -0.5071357353009138, 69.91650399958755, 46.496740000272595, 387.329254002944, 36.98148148148148
16, 2, 149.37459999903157, 463.84843799985686, -37.43525200000467, 91.82568199897219, 79.99119300158131, 507.6912689980564, 32.648148148148145
8, 2, -1.759600000022003, -5.097038560356933, 0.024328852210722028, 13.573090999980524, -1.8451219999991446, 43.32213400021497, 32.129629629629626
0, 2, -0.11239999999852286, 0.14749700000142335, -0.026181000003593986, 0.0, -0.3965880000042779, -0.3965880000042779, 50.0
1, 3, 1156.8376268529018, 1051.5946243775657, -5.390650520620696, 632.3146609819252, 550.4498596900623, 4833.04496624801, 50.0
2, 3, 2035.6010403533069, 1939.2496633292103, -199.062730252121, 1109.6669059752883, 958.2222587987917, 156011.17850402743, 32.82716049382716
3, 3, 1527.0773539321262, 2170.883580031089, -224.34209027321015, 801.3239909606184, 773.7789166423506, 36538.98440401803, 27.296296296296298
4, 3, 1420.9424746538516, 1975.790645896968, -237.20576212318505, 767.2665609738614, 709.7703455282076, 36249.31784797158, 24.290123456790123
5, 3, 676.1339620831732, 1053.4939865825909, -109.22708116636265, 398.75708398855846, 352.26527678704934, 8167.871166715267, 22.11111111111111
6, 3, 553.9113949199426, 734.5583336490874, -70.5054927235176, 336.9307199927972, 284.93639845658174, 5049.985492280372, 30.425925925925927
7, 3, 309.4317178563024, 22.464102522205454, -7.527517195094441, 232.58027800130228, 161.33064451702876, 1254.5602891368774, 38.111111111111114
15, 0, 780.0745157841584, 542.0726206193139, -56.99024291896599, 450.5176669879296, 389.07456138322226, 17897.44792194214, 38.00617283950617
23, 0, 703.6745999964224, 517.436601014151, -54.94577699911713, 412.36809498926004, 375.9327099887539, 2400.1185910296463, 32.49382716049383
31, 0, 709.8844999904331, 779.0658140016833, -82.65117399617148, 418.4663729871936, 388.67170598328084, 2436.328916039579, 34.26543209876543
39, 0, 583.3237000066861, 954.9556820029919, -97.60719999518105, 367.7711949923946, 334.97442799807413, 2092.735080047532, 28.234567901234566
47, 0, 275.904999991854, 787.795662992396, -82.49859099848632, 211.86769800060213, 169.4415980098792, 1048.7340319874345, 34.70987654320987
55, 0, 35.692799999276716, -61.96524296540657, 0.1499107873225023, 86.56964999937341, 16.181171999612985, 369.0131550098673, 37.098765432098766
63, 0, 61.7186000008936, -70.54594736414396, 0.12181929467462621, 70.01521099967813, 27.290138998919236, 356.93539701129333, 40.27160493827161
62, 1, -15.873999999348484, -32.03453454861615, 0.04959846153797149, 52.65442100007728, -10.2874880001745, 281.2200070159886, 43.864197530864196
61, 1, -8.580499999768312, -10.093177441734744, -0.02675341379299271, 27.483091000006738, -7.855544000025992, 99.06650400646399, 39.141975308641975
60, 1, -2.090900000078014, -12.355795833132765, -0.13918308321856165, 27.46053600001455, -5.200517999980408, 99.16664500675635, 34.43827160493827
59, 1, -6.728299999905201, -16.582725076813215, -0.06764483415506718, 34.73670300003398, -6.733784000034788, 141.26638400995617, 35.098765432098766
58, 1, -1.7237000000635072, -7.666726348311933, -0.059741087090727014, 17.733602999996744, -4.64043799997724, 63.92949100262041, 35.98148148148148
57, 1, -7.621199999849018, -6.051674149275876, -0.03645362604577259, 20.53884699998679, -6.9732120000528015, 66.89335700306678, 39.34567901234568
56, 1, -4.233800000037221, -2.38941132261399, -0.05082449999984506, 9.757550999993194, -5.863279999991206, 32.06674199894371, 43.98148148148148
48, 2, -2.598100000051563, -0.024327333333906704, -0.2456822857137021, 5.066748999999165, -4.7884959999922465, 10.543097999879581, 43.407407407407405
40, 2, 3.2455999998938867, -25.160391849493465, -0.023133217194262357, 44.26785500005167, -0.30466200000089, 179.54772801038175, 41.01851851851852
32, 2, -1.8939000000510247, -25.56507358245165, 0.015122626179529633, 48.803280000060624, -3.2452319999807178, 193.1762990129738, 40.117283950617285
24, 2, -1.7029000000577388, -28.047754590453078, -0.06455937038033153, 53.61387700004428, -2.9920179999756, 214.3694190147845, 39.925925925925924
16, 2, -6.181499999914408, -10.728344323935241, -0.13864028260872796, 26.52719600001528, -6.9131520000230395, 97.76659500609077, 36.092592592592595
8, 2, -0.7868000000210512, 0.08108748694334753, -0.0354096804510422, 2.0988150000013173, -3.406211999944802, 4.497977000056537, 35.06172839506173
0, 2, -0.23280000000640083, 0.35255819511610875, -0.7265707143134882, 0.0, -0.5858100000404028, -0.5858100000404028, 50.0
