1, 3, 0.5834999999999521, -0.6911200000003879, -0.068390000000259, 0.0, 1.724480000001475, 1.724480000001475, 97.25925925925925
2, 3, 0.6814999999999413, -0.8056800000008253, -0.04706000000033703, 0.0, 1.9915400000020207, 1.9915400000020207, 97.25925925925925
3, 3, 0.7550999999999332, -0.8916400000011699, -0.012290000000376815, 0.0, 2.1831200000009736, 2.1831200000009736, 97.25925925925925
4, 3, 0.8145999999999266, -0.9485400000014499, -0.0009600000004393206, 0.0, 2.324700000000117, 2.324700000000117, 95.38888888888889
5, 3, 0.8617999999999214, -1.0019400000016514, 0.024669999999541364, 0.0, 2.418039999999432, 2.418039999999432, 94.5925925925926
6, 3, 0.910499999999916, -1.0452600000013812, -0.006780000000524346, 0.0, 2.5249799999987, 2.5249799999987, 97.25925925925925
7, 3, 0.9516999999999115, -1.0766600000010877, -0.06754000000052947, 0.0, 2.613039999998017, 2.613039999998017, 97.25925925925925
15, 0, 0.9780999999999086, -1.109620000000837, 0.030879999999414383, 0.0, 2.6634599999976456, 2.6634599999976456, 94.20370370370371
23, 0, 1.0173999999999044, -1.1389200000005724, -0.03496000000061474, 0.0, 2.732199999997138, 2.732199999997138, 97.25925925925925
31, 0, 1.0361999999999023, -1.1520200000003462, -0.06581000000061989, 0.0, 2.770759999996791, 2.770759999996791, 97.25925925925925
39, 0, 1.0650999999998991, -1.182900000000095, 0.04778999999932884, 0.0, 2.8261599999963716, 2.8261599999963716, 92.5
47, 0, 1.0858999999998968, -1.2034999999998457, -0.004960000000676379, 0.0, 2.858339999996132, 2.858339999996132, 97.20370370370371
55, 0, 1.111799999999894, -1.2233399999996204, -0.02111000000068509, 0.0, 2.9112799999956196, 2.9112799999956196, 97.14814814814815
63, 0, 1.1247999999998926, -1.2313199999994653, -0.033850000000694894, 0.0, 2.929279999995478, 2.929279999995478, 97.11111111111111
62, 1, 0.702399999999939, -0.5140799999972914, -0.014140000000617218, 0.0, 0.9481399999936073, 0.9481399999936073, 95.0925925925926
61, 1, 0.7232999999999367, -0.530039999998038, -0.0016700000006245523, 0.0, 0.9836199999880298, 0.9836199999880298, 93.53703703703704
60, 1, 0.738399999999935, -0.5419999999985277, 0.009359999999351184, 0.0, 1.0130999999863926, 1.0130999999863926, 92.62962962962963
59, 1, 0.7524999999999334, -0.5580799999988998, -0.01011000000066415, 0.0, 1.038879999986002, 1.038879999986002, 94.9074074074074
58, 1, 0.774299999999931, -0.5736799999994506, -0.0769600000006843, 0.0, 1.081659999985876, 1.081659999985876, 95.25925925925925
57, 1, 0.7881999999999295, -0.5896399999996716, -0.07727000000070752, 0.0, 1.1178199999859169, 1.1178199999859169, 95.25925925925925
56, 1, 0.7993999999999283, -0.6055199999999332, 0.045849999999286184, 0.0, 1.13179999998587, 1.13179999998587, 84.66666666666667
48, 2, 0.8140999999999267, -0.6125200000001355, -0.03122000000070124, 0.0, 1.1618999999857091, 1.1618999999857091, 95.11111111111111
40, 2, 0.8265999999999253, -0.6314800000002848, 0.015149999999272204, 0.0, 1.1866199999856628, 1.1866199999856628, 92.48148148148148
32, 2, 0.847599999999923, -0.6416400000004495, 0.0035299999992660256, 0.0, 1.2142799999856593, 1.2142799999856593, 93.44444444444444
24, 2, 0.8499999999999227, -0.6407800000005821, -0.07241000000074953, 0.0, 1.2166399999856052, 1.2166399999856052, 95.25925925925925
16, 2, 0.8677999999999207, -0.6564200000007148, 0.06892999999922207, 0.0, 1.2471399999856128, 1.2471399999856128, 79.51851851851852
8, 2, 0.8771999999999197, -0.665700000000755, 0.0053199999992207675, 0.0, 1.2734799999856652, 1.2734799999856652, 93.35185185185185
0, 2, 0.8901999999999183, -0.6770800000009202, -0.0008000000007602661, 0.0, 1.28895999998569, 1.28895999998569, 93.5
