1, 3, 4.441400000002988, 6.306294523258938, -0.05471581889385375, 0.34310299999999244, 1.0309420539356733, 3.3550535151656384, 100.0
2, 3, 3.450900000002858, -0.899274490715249, -0.039940240685460184, 0.3093089999999821, 1.5274434902778056, 2.9968960074532864, 100.0
3, 3, 3.3672000000026814, -0.9477772894063601, -0.02005044353145316, 0.32291099999993705, 1.6097155725238137, 3.043698578315934, 100.0
4, 3, 3.1269000000021743, -0.9562355739757178, -0.01837868768612805, 0.3485059999999404, 2.2546917658191705, 3.5560450617234016, 100.0
5, 3, 3.2688000000024737, -0.9510638208081191, -0.018896133132069087, 0.4588579999999052, 2.4913433933569897, 4.1585476422294745, 99.99382716049382
6, 3, 3.7739000000035396, -1.0912398203462568, -0.010888657220146793, 0.2894109999999821, 3.5023724589632126, 4.9205770965798346, 100.0
7, 3, 4.68490000000242, -1.3028319634041077, -0.020893231940867542, 0.4051979999999609, 4.197228371380603, 6.175971932573221, 100.0
15, 0, 4.3977000000030895, -1.2618207750510742, -0.016526705752042528, 0.7890619999997579, 3.8108127055671344, 6.708974578944487, 100.0
23, 0, 2.903600000001703, -0.9141748713184036, -0.007727746777938371, 0.5955309999998656, 3.5355460000011565, 6.4555999999979825, 99.84567901234568
31, 0, 3.202200000002333, -1.075630880125057, -0.0033768933693238204, 0.5816300000000034, 3.946776000001331, 7.126999999998707, 100.0
39, 0, 3.195100000002318, -1.0902621592528814, -0.004810620828231891, 1.0891919999996271, 3.7360700000008205, 8.684515999997018, 99.41358024691358
47, 0, 3.090700000002098, -1.2016301254032449, -0.01807540450440407, 1.4199979999999153, 5.868164999999833, 9.890680999995368, 100.0
55, 0, 3.153800000002231, -1.070525206025452, -0.0014541746458457058, 0.0013549999999999992, 8.241672999983605, 8.245905999983567, 100.0
63, 0, 3.9553000000039225, -1.1763761031357904, -0.0047694795867451924, 0.0013020000000000004, 8.233089999992009, 8.238398999991967, 100.0
62, 1, 6.8485999999973775, -2.0556641573368712, -0.007823919643605803, 0.5632189999998934, 10.060146999966971, 11.82403499996372, 100.0
61, 1, 6.771499999997557, -2.0975186726044877, -0.00869504725304567, 2.3643149999995634, 9.134326999990822, 16.51108199997279, 100.0
60, 1, 6.3143999999986224, -2.032026346880733, -0.0021225209360691485, 1.0134319999999748, 10.710548999987127, 15.632020999988406, 99.54320987654322
59, 1, 6.852899999997367, -2.051904332244714, -0.0756222943633821, 1.3194299999997594, 10.680083999986303, 15.800345999972603, 100.0
58, 1, 7.0533999999969, -2.220417273312246, -0.00940839434217634, 1.7144719999996647, 11.300584999995182, 14.826447999973805, 100.0
57, 1, 6.102999999999115, -1.9151488825909817, -0.027251783192247282, 1.299355999999801, 11.042701999991317, 16.039163999972363, 100.0
56, 1, 13.251099999982456, -3.0044181877336262, -0.05586889104982701, 7.300000000000001e-05, 19.422842000055596, 19.42313800005559, 99.69135802469135
48, 2, 15.685699999976782, -3.7126489243640837, -0.09176920243387107, 0.0009310000000000001, 19.011514999994493, 19.014295999994502, 99.98765432098766
40, 2, 6.824599999997433, -2.0346218609107085, -0.04062241093923573, 1.3985769999997497, 11.783125999993661, 17.536944999995203, 100.0
32, 2, 9.530699999991127, -3.1585550320552533, -0.04081725848303379, 0.028044000000000003, 14.644919999983204, 14.72446199998298, 100.0
24, 2, 7.511999999995831, -2.5738689946337963, -0.008695395020751635, 2.8385950000001476, 12.209216999984774, 20.843253999995966, 99.83333333333333
16, 2, 7.696699999995401, -2.601039468389491, -0.08880849542883931, 0.000277, 15.246533999977457, 15.247561999977462, 100.0
8, 2, 7.9083999999949075, -3.2498710693836634, -0.009499967511998983, 0.0001389999999999999, 16.436644999993984, 16.436825999993978, 100.0
0, 2, 11.708099999986052, 31.567762089874364, -0.19010386052791448, 0.0, 2.588624999999347, 2.588624999999347, 100.0
