1, 3, 2.609800000001083, 6.20860666666805, -0.032760000000017414, 0.06321000000000017, 0.5544299999999792, 0.7837899999999182, 100.0
2, 3, 0.7527999999999334, -0.5274166666673891, -0.10127142857141624, 0.020610000000000045, 1.1333800000004088, 1.1907900000004616, 100.0
3, 3, 1.1413999999998907, -0.9456200000010521, -0.07726000000012667, 0.007920000000000033, 2.2461000000005202, 2.2688000000004656, 100.0
4, 3, 1.6048999999998397, -1.380386666664972, -0.03260285714293329, 0.0726299999999935, 3.41913000000384, 3.5711600000008334, 100.0
5, 3, 1.5538999999998453, -1.1765500000000098, -0.08088285714290819, 0.007839999999999884, 3.7216400000120866, 3.7358900000122324, 99.72222222222223
6, 3, 1.5001999999998512, -0.9276833333337366, -0.034408571428566716, -0.2499399999999834, 3.350700000005599, 2.529290000000483, 99.87037037037037
7, 3, 1.2072999999998835, -0.6007733333347445, -0.011004285714393642, 0.0026700000000000022, 2.0998799999983024, 2.1077899999983454, 99.98148148148148
15, 0, 1.211399999999883, -0.5513133333345128, -0.030312857143003222, 0.00989, 1.6543599999992489, 1.67019999999922, 99.98148148148148
23, 0, 1.483899999999853, -0.7239700000012258, -0.012697142857215304, -0.35240000000008587, 2.753840000002032, 1.6602899999949297, 99.75925925925925
31, 0, 1.5916999999998411, -1.015656666666135, -0.00175142857147031, 0.0028900000000000037, 4.1006500000102, 4.1064600000102205, 99.66666666666667
39, 0, 1.764599999999822, -1.021706666667254, -0.06916285714287584, -0.7451899999999773, 4.307810000013393, 1.9963999999903774, 99.64814814814815
47, 0, 1.564999999999844, -0.8655500000018672, -0.0008371428572750134, 0.0, 3.375610000005153, 3.375610000005153, 99.98148148148148
55, 0, 1.3862999999998638, -0.7332900000019759, -0.05499285714302443, 0.0, 2.841290000002417, 2.841290000002417, 99.98148148148148
63, 0, 1.1140999999998937, -0.5292333333345949, -0.02897142857157676, 0.0, 1.933839999999564, 1.933839999999564, 100.0
62, 1, 0.9626999999999103, -0.31249666666692394, -0.0569671428571481, 0.00879, 1.067070000000195, 1.0801000000001995, 100.0
61, 1, 1.1624999999998884, -0.5113933333344262, -0.07521571428574743, 0.008899999999999962, 1.7788799999989284, 1.7991699999988957, 100.0
60, 1, 1.501299999999851, -0.697230000001332, -0.020687142857366857, -0.3585700000000927, 2.402529999999528, 2.0469799999960445, 100.0
59, 1, 1.5508999999998456, -0.7485033333343524, -0.11249857142883539, 0.011539999999999877, 2.5314499999999596, 2.5581600000001137, 99.5
58, 1, 1.7000999999998292, -0.9090400000003221, -0.06428857142876025, 0.02758999999999923, 3.361980000005276, 3.38057000000539, 99.5
57, 1, 1.5247999999998485, -0.8220633333345279, -0.026777142857375705, 0.0070799999999999995, 3.115630000003088, 3.129660000003154, 100.0
56, 1, 1.3910999999998632, -0.7145766666679683, -0.014644285714625019, 0.008740000000000006, 2.683910000000798, 2.706730000000898, 100.0
48, 2, 1.656299999999834, -0.8250933333342867, -0.06761714285742507, 0.009880000000000002, 2.8456400000014788, 2.8718900000016054, 99.0
40, 2, 1.8679999999998107, -1.0492099999996634, -0.011418571428677068, 0.007319999999999998, 4.0485400000084715, 4.064360000008549, 100.0
32, 2, 1.9615999999998004, -1.0936466666657128, -0.008304285714514116, 0.004100000000000003, 4.18350000001053, 4.197670000010612, 100.0
24, 2, 2.0153999999998287, -1.0681399999986878, -0.03068285714301685, -0.29476000000003716, 4.052540000012857, 3.0343000000061067, 99.11111111111111
16, 2, 2.1569000000001273, -1.6482533333300187, -0.003851428571372384, 0.001630000000000001, 5.919780000018821, 5.9253700000188365, 99.16666666666667
8, 2, 2.6717000000012137, -1.5629866666628505, -0.063600000000049, 0.0004800000000000002, 6.287660000024341, 6.288940000024349, 98.87037037037037
0, 2, 8.33209999999392, 28.02906333336236, -0.33301285714284923, 0.0, 0.3146400000000391, 0.3146400000000391, 100.0
