1, 3, 1.8229999999998157, 4.09259999999959, -0.3698000000000827, 0.8323999999999246, 0.3150999999999816, 0.4874999999999737, 100.0
2, 3, 0.5174999999999593, -0.17260000000035894, -0.029200000000057312, 0.33479999999997945, 0.10650000000000202, 0.14919999999999944, 99.74074074074075
3, 3, 1.9269999999998042, -0.6449999999997729, -0.03259999999986389, 0.027299999999999894, 0.5438999999999564, 0.1316000000000148, 100.0
4, 3, 2.990800000001887, -0.9966999999997408, -0.02209999999977985, 0.015299999999999963, 0.7213999999999369, 0.29749999999991655, 99.01851851851852
5, 3, 2.8938000000016824, -0.9648999999996933, -0.013999999999746876, 0.03159999999999988, 0.4787999999999636, 0.5065999999999611, 86.66666666666667
6, 3, 0.26129999999998754, -0.08560000000005244, -0.031799999999829145, 0.005500000000000001, 0.10650000000000202, 0.010900000000003416, 98.68518518518519
7, 3, 0.007200000000000006, 0.005099999999998771, -0.027499999999914006, 0.19339999999999502, 0.0031000000000000025, 0.07459999999999789, 98.72222222222223
15, 0, 0.027499999999999893, -0.0017999999999964065, -0.015299999999950685, 0.3222999999999808, -0.021199999999999924, 0.111399999999997, 99.25925925925925
23, 0, 0.038500000000000076, -0.004499999999994036, -0.03129999999985562, 0.018099999999999946, 0.06240000000000076, 0.007400000000000301, 98.74074074074075
31, 0, 0.1789999999999966, -0.05439999999993231, -0.03079999999982928, 0.021699999999999924, 0.01769999999999995, 0.0827999999999993, 98.74074074074075
39, 0, 0.2541999999999883, -0.08280000000006295, -0.0035999999998192864, 0.0009, 0.12850000000000217, -0.0014000000000003198, 98.68518518518519
47, 0, -0.014399999999999968, 0.004999999999965311, -0.004199999999901714, 0.0, 0.033199999999999924, 0.033199999999999924, 98.88888888888889
55, 0, -0.0497000000000004, 0.01749999999998438, -0.04069999999995888, 0.0, 0.03860000000000008, 0.03860000000000008, 98.07407407407408
63, 0, -0.14300000000000057, 0.055000000000034535, -0.09549999999999505, 0.0, 0.08270000000000134, 0.08270000000000134, 98.0
62, 1, 0.0024000000000000037, 0.05769999999991253, -0.08959999999994302, 0.34739999999997806, 0.2281999999999912, 0.24829999999998892, 99.11111111111111
61, 1, 0.023999999999999914, 0.01089999999998357, -0.17309999999996686, 0.34759999999997804, 0.11680000000000232, 0.1618000000000029, 98.22222222222223
60, 1, 0.007500000000000007, 0.008499999999995783, -0.17450000000009439, 0.07630000000000116, 0.12870000000000215, 0.03650000000001624, 98.35185185185185
59, 1, 0.030299999999999876, 0.002800000000007087, -0.13680000000005182, 0.3544999999999773, -0.011199999999999984, 0.1836000000000162, 98.31481481481481
58, 1, -0.0012000000000000005, 0.0023000000000088627, -0.012000000000110467, 0.3587999999999768, -0.005799999999999999, 0.11689999999999925, 98.5
57, 1, -0.040900000000000145, 0.019899999999951245, -0.035399999999976964, 0.3635999999999763, 0.02819999999999989, 0.11090000000000147, 98.57407407407408
56, 1, -0.008400000000000001, 0.012699999999968405, 0.07329999999999262, 0.4098999999999712, 0.11220000000000219, 0.14030000000000176, 50.0
48, 2, 0.028299999999999888, -0.0027000000000041704, -0.004200000000008618, 0.39999999999997227, 0.12200000000000247, 0.1439000000000003, 99.46296296296296
40, 2, 0.0015000000000000042, 0.007399999999999487, -0.03039999999996596, 0.3177999999999813, 0.07830000000000122, 0.09110000000000154, 98.27777777777777
32, 2, 0.006000000000000006, -0.0018999999999992833, -0.010699999999988927, 0.320599999999981, 0.0568000000000006, 0.06580000000000082, 97.9074074074074
24, 2, 0.05780000000000063, -0.01230000000004072, -0.0020000000000027474, 0.1363000000000013, 0.09950000000000182, 0.017799999999997658, 98.74074074074075
16, 2, 0.8509999999999226, -0.27730000000015764, -0.011299999999941981, 0.015499999999999962, 0.17879999999999663, 0.19689999999999414, 97.83333333333333
8, 2, 0.013899999999999971, -0.00290000000000975, -0.011699999999978202, 0.010299999999999993, 0.035699999999999996, 0.07229999999999918, 97.64814814814815
0, 2, 7.51269999999583, 30.05059999998332, -0.22409999999994384, 0.0, 0.2762999999999859, 0.2762999999999859, 100.0
