1, 3, 381.85422689223515, 343.1347220405516, -3.1592153111907644, 212.6353310003836, 178.91137013062428, 1601.4150502379803, 50.0
2, 3, 673.7445404474366, 638.8754227867464, -63.46138942617504, 379.8562699954892, 305.20312120840737, 33407.917454296694, 40.46296296296296
3, 3, 412.1242139044466, 661.9726797137524, -64.81415126338366, 215.10182075464166, 207.25221156524458, 4375.442535401075, 38.77777777777778
4, 3, 532.1824747212765, 456.47833684097486, -56.11390813132025, 295.352320998659, 253.24694453799546, 21101.712459817612, 25.055555555555557
5, 3, 214.759344235888, 178.2982871074245, -18.33066200172358, 123.72644299870196, 107.68980138087588, 699.8897310235075, 25.72222222222222
6, 3, 342.23207912808203, 414.9200464907523, -37.249511604567346, 184.73356099956604, 166.75843250232992, 4269.458987736298, 29.72222222222222
7, 3, 202.66601785233308, 128.5236555222709, -13.142178195083293, 119.29991999939203, 101.67491550765057, 669.0449291496028, 36.148148148148145
15, 0, 468.3995157942246, 397.5308866141917, -40.59936691936658, 256.33173100049623, 230.46889539478158, 16861.413648224316, 36.666666666666664
23, 0, 262.282699997389, 197.45843700016553, -22.215618000223028, 146.3619289993257, 133.03272500297342, 853.8385149985243, 30.14814814814815
31, 0, 283.9422999979363, 296.8684670003498, -40.275961999951654, 155.11455999968862, 146.96652200384298, 915.1736209971124, 18.64814814814815
39, 0, 244.37869999819995, 350.77049499760875, -53.01180499960394, 135.62676699934457, 129.72298800309676, 774.8798969931707, 15.925925925925926
47, 0, 179.55079999900195, 611.1331899930359, -74.66226599931409, 102.5762570001823, 98.74442900195514, 520.8391609973793, 15.24074074074074
55, 0, -0.08409999999825452, 0.02537521275412404, -0.01897539928099457, 0.5891909999999364, -0.5825310000127057, 0.5960869999868463, 26.22222222222222
63, 0, 0.01270000000004018, 0.00739115213831332, -0.02933343094633732, 0.0, -0.022601000000480397, -0.022601000000480397, 34.51851851851852
62, 1, 0.057299999999757996, 0.0012741315830811007, -0.03411453146066257, 0.0, -0.04427700000025066, -0.04427700000025066, 42.81481481481482
61, 1, -4.125600000043015, -3.68077330769992, -0.07514200000043278, 10.466443999990682, -2.8095700000016386, 38.9042440001069, 38.81481481481482
60, 1, -3.7730000000432744, -1.1070853716891642, -0.09445298099470381, 5.664387999997281, -3.227145999991484, 19.15185399977779, 40.68518518518518
59, 1, -2.3247000000225864, -1.6187082459200184, -0.02598251612903852, 5.39623599999915, -2.4680339999910523, 19.08655499978092, 40.666666666666664
58, 1, -1.6900000000205722, -2.5191718918040054, -0.04996779229515129, 6.440577999996942, -2.1414389999917356, 24.061739999729294, 42.53703703703704
57, 1, -1.933700000017709, -6.03966606026679, -0.027757825522378647, 13.739962999976948, -1.747157000000836, 50.66506000033037, 42.51851851851852
56, 1, 0.18789999999791154, 0.004426964352722892, -0.10035988362215095, 0.0, -0.1519639999984342, -0.1519639999984342, 46.25925925925926
48, 2, 3.29019999999739, -3.1898305573575216, -0.1003093864468221, 5.146971999998001, 0.5300479999918062, 15.94197199994733, 46.25925925925926
40, 2, -4.405400000019346, -8.31778399993464, -0.05876499999953041, 16.575029999995227, -2.494609000000842, 73.59253500067321, 44.01851851851852
32, 2, -5.311200000001543, -3.0040511813868744, -0.06288399856562131, 11.71792200000291, -3.49829599998832, 37.06355099994312, 37.388888888888886
24, 2, -1.6463000000212162, -2.8901566703245876, -0.04383143478284398, 7.785028999999398, -2.1645289999909063, 26.734263999716124, 37.75925925925926
16, 2, -0.5169000000019943, -0.33680402113643926, -0.12890069494356668, 2.0782750000002745, -1.7957919999948424, 5.413657000013521, 37.75925925925926
8, 2, -0.036000000000230126, 0.016490155327308777, -0.005975558441619712, 0.0, -0.018427000000208263, -0.018427000000208263, 42.44444444444444
0, 2, -0.11089999999833512, 0.17072200000125742, -0.16784500000373273, 0.0, -0.40248700000433835, -0.40248700000433835, 50.0
