1, 3, 2.024099999999847, 4.583720000000444, -0.18129999999998675, 0.3114000000000131, 0.32186000000001896, 0.5734600000000903, 100.0
2, 3, 0.1500999999999998, -0.33429999999958765, -0.05168999999998504, 0.1906399999999937, 0.9816800000004384, 1.0461000000004708, 99.92592592592592
3, 3, 0.60189999999995, -0.7884800000003163, -0.06084000000005846, 0.0061000000000009744, 2.078740000000709, 1.9978400000014032, 99.92592592592592
4, 3, 1.0765999999998979, -1.227760000002841, -0.07227000000007915, 0.013159999999996267, 2.644080000001452, 3.351399999998081, 99.92592592592592
5, 3, 0.9531999999999113, -0.8536399999994344, 0.0019699999999843046, 0.10328000000001028, 1.9146399999905512, 2.1206399999961096, 98.83333333333333
6, 3, 0.4470999999999671, -0.25463999999977127, -0.01145000000001021, -0.2596000000000214, 1.2220799999962366, 0.14011999999927033, 99.14814814814815
7, 3, 0.18969999999999543, -0.06432000000012686, -0.029739999999949487, 0.020119999999999964, 0.08787999999999692, 0.1098399999999968, 99.29629629629629
15, 0, 0.20409999999999384, -0.07006000000013367, -0.020779999999912497, 0.041659999999999676, 0.0876799999999485, 0.11087999999994926, 99.5
23, 0, 0.21859999999999224, -0.11232000000077781, -0.014129999999988643, -0.20676000000003042, 0.735000000000833, -0.008579999999913027, 99.29629629629629
31, 0, 0.27379999999998617, -0.23855999999996128, -0.011189999999988268, 0.004320000000000009, 0.9832800000011538, 0.9943200000011528, 99.11111111111111
39, 0, 0.41379999999997075, -0.24869999999990805, -0.009230000000024108, -0.5737399999999797, 1.5615999999885024, -0.03309999999956605, 98.70370370370371
47, 0, -0.03479999999999997, -0.02699999999995837, -0.007880000000002671, 0.0, 0.387060000001003, 0.387060000001003, 99.37037037037037
55, 0, -0.050700000000000425, 0.012979999999984693, -0.0012299999998987982, 0.0, 0.14470000000007743, 0.14470000000007743, 99.20370370370371
63, 0, -0.06110000000000072, 0.029560000000039086, -0.006559999999785366, 0.0, 0.2032400000000778, 0.2032400000000778, 99.61111111111111
62, 1, 0.19689999999999463, -0.036959999999989356, -0.025159999999683613, 0.0474599999999995, 0.4578400000000425, 0.4788400000000479, 99.81481481481481
61, 1, 0.3332999999999796, -0.10002000000016874, -0.11302999999960399, 0.02600000000000008, 0.26677999999992497, 0.2875399999999169, 98.94444444444444
60, 1, 0.37099999999997546, -0.1258600000004037, -0.007149999999645946, -0.27052000000001075, 0.35354000000002417, 0.02660000000003287, 99.27777777777777
59, 1, 0.40369999999997186, -0.13360000000040312, -0.0025999999996666576, 0.025060000000000075, 0.20387999999993042, 0.22571999999993012, 99.29629629629629
58, 1, 0.10790000000000206, -0.07828000000061451, -0.037859999999901535, 0.09585999999999745, 0.3906200000012123, 0.41414000000130896, 98.68518518518519
57, 1, 0.13670000000000126, -0.044959999999985074, -0.01062999999981798, 0.07683999999999827, 0.16567999999993963, 0.18863999999993727, 99.18518518518519
56, 1, 0.20759999999999346, -0.05750000000000803, -0.0434299999997945, 0.07717999999999822, 0.25497999999997767, 0.2844600000000688, 99.14814814814815
48, 2, 0.4159999999999705, -0.1290800000002189, -0.014359999999755471, 0.0532599999999992, 0.2585200000000252, 0.2894200000000891, 99.42592592592592
40, 2, 0.3796999999999745, -0.17448000000014896, -0.08110999999991352, 0.03769999999999979, 0.5830400000005185, 0.6003200000005248, 98.11111111111111
32, 2, 0.5372999999999571, -0.27325999999960543, -0.0044799999999209465, 0.03108000000000006, 0.8236400000008227, 0.840700000000827, 98.42592592592592
24, 2, 0.665299999999943, -0.29401999999895806, -0.00740999999994247, -0.3219800000000209, 1.1769799999985224, -0.0041000000002405865, 98.53703703703704
16, 2, 0.7485999999999339, -0.5665999999961709, -0.01288999999996289, 0.0031000000000000055, 2.2900399999975485, 2.3003399999978673, 97.55555555555556
8, 2, 0.366199999999976, -0.36027999999754684, -0.010889999999942305, 0.0009200000000000011, 1.8177999999914054, 1.8209999999913737, 97.83333333333333
0, 2, 7.69259999999541, 24.12939999997597, -0.15881999999996835, 0.0, 0.1953399999999971, 0.1953399999999971, 100.0
