1, 3, 4.099100000003785, 6.129854657464464, -0.10485386422714921, 0.02364000000000003, 0.7233011562088073, 0.8530523809523812, 100.0
2, 3, 3.0820000000020795, -0.8243250510803587, -0.010168396294986878, 0.005647999999999999, 1.715349659847616, 1.7416675873021579, 99.81481481481481
3, 3, 2.994500000001895, -0.8727125851480028, -0.01695202367540473, 0.002598000000000063, 1.979358623377093, 1.9918726666670716, 100.0
4, 3, 2.918200000001734, -0.9974540053446388, -0.017164073166012556, 0.007352000000000008, 2.5223720000001357, 2.538388000000128, 100.0
5, 3, 3.3037000000025474, -1.204894261268867, -0.03730718724045155, 0.0051620000000000485, 2.9402820000003196, 2.9493820000003157, 100.0
6, 3, 3.632800000003242, -1.523423065388258, -0.00949165933390711, -0.0038560000000001458, 3.2935719999994912, 3.2777339999992208, 100.0
7, 3, 4.067400000003859, -1.4266783487532788, -0.034455277992490874, 0.0010760000000000001, 2.970223999999885, 2.9744399999998836, 100.0
15, 0, 4.270800000003385, -1.3203273954245578, -0.01565283440123862, 0.0019020000000000005, 2.7698299999996845, 2.7760919999996836, 100.0
23, 0, 4.266500000003395, -1.7148141770805403, -0.020204547876810686, 0.002517999999999991, 3.6129659999993198, 3.6196479999993265, 100.0
31, 0, 3.8686000000037395, -1.8212374233602386, -0.0007130113124160786, 0.005540000000000036, 4.643130000003659, 4.651348000003697, 100.0
39, 0, 3.9051000000038165, -1.8406194660459048, -0.01730767407374114, -0.00250400000000025, 4.893700000005353, 4.882816000005313, 100.0
47, 0, 4.447600000002973, -1.8541496315156285, -0.022253998479604978, 0.0, 4.3449540000001035, 4.3449540000001035, 100.0
55, 0, 4.563000000002704, -1.8242962729633692, 0.020762897942730753, 0.0, 4.018175999999407, 4.018175999999407, 60.5
63, 0, 4.7002000000023845, -1.7266251416826262, -0.07217988944834089, 0.0, 3.400265999999633, 3.400265999999633, 100.0
62, 1, 5.348800000000873, -1.33694699337027, -0.032376215445157334, 0.0018700000000000004, 2.7513339999997313, 2.756319999999727, 100.0
61, 1, 4.9130000000018885, -1.4824515721195939, -0.04638526228096873, 0.0046240000000000265, 2.945323999999561, 2.956587999999551, 100.0
60, 1, 5.032200000001611, -1.8445461284161813, -0.12177582801767572, 0.0003599999999999045, 3.7303519999998875, 3.7400459999998548, 100.0
59, 1, 5.0503000000015685, -1.9507884119487735, -0.06939757516893157, 0.023203999999998424, 3.7602139999996083, 3.8037899999996116, 100.0
58, 1, 4.960000000001779, -2.333286400998248, -0.02429326388054747, 0.00781400000000016, 5.144638000001128, 5.174986000001134, 100.0
57, 1, 4.951500000001799, -2.247761462586247, -0.02597982493083277, 0.029611999999996984, 4.74958200000034, 4.793010000000257, 100.0
56, 1, 4.965700000001766, -2.131245880977882, -0.038838858968821346, 0.002669999999999999, 4.25209200000036, 4.261420000000364, 100.0
48, 2, 4.975700000001742, -2.1631521258854867, 0.0018648883642995995, 0.0048179999999999916, 4.377492000000413, 4.39269400000041, 100.0
40, 2, 4.989200000001711, -2.4906024963339664, -0.04245005626924862, 0.0035679999999999952, 5.8709200000037125, 5.880770000003741, 100.0
32, 2, 5.037600000001598, -2.5626665531052906, -0.10424517884707876, 0.001672, 6.208884000005086, 6.216878000005106, 100.0
24, 2, 5.0572000000015525, -2.6084409259465553, -0.06971126915104506, -0.006415999999999886, 6.372444000006451, 6.354394000006456, 100.0
16, 2, 5.04970000000157, -2.9939497446843846, 0.005496705085396507, 0.004419999999999996, 8.33439600001512, 8.346626000014965, 100.0
8, 2, 5.084900000001488, -3.066406155753631, -0.040810545262746675, 0.0007020000000000005, 8.612000000011221, 8.613864000011198, 99.85185185185185
0, 2, 11.482199999986578, 31.05419363734454, -0.15858390340278716, 0.0, 1.0595939999994906, 1.0595939999994906, 100.0
