1, 3, 4.5144000000028175, 6.017910252384113, -0.06126541925953659, 0.021004000000000047, 0.7161050946182017, 0.8320310056931178, 100.0
2, 3, 3.863100000003728, -0.9657990905612978, -0.033541249224775874, 0.006218999999999996, 1.4804724941473313, 1.50749859563492, 100.0
3, 3, 3.3000000000025396, -0.9867351956002226, -0.015795388105479986, 0.17507800000003315, 1.5346352276972777, 2.0676676817312925, 100.0
4, 3, 2.9261000000017505, -0.8809216450679999, -0.013424010068520417, -0.0006159999999999935, 2.046722603188074, 2.0482184146751217, 100.0
5, 3, 3.207300000002344, -0.8912199991986294, -0.013468277432257751, -0.0026759999999999965, 2.2549267754302647, 2.241017790375766, 100.0
6, 3, 3.425200000002804, -0.9171098854405593, -0.030915725837737495, 0.001054999999999999, 2.467165846133072, 2.470437132525495, 100.0
7, 3, 4.282300000003358, -1.1021486042712088, -0.014593397664127386, 0.0013110000000000003, 2.8544713277544282, 2.85796481871371, 100.0
15, 0, 4.305100000003305, -1.1076870628732187, -0.029832220174358492, 0.002351, 3.0071388407480657, 3.0156951578948776, 100.0
23, 0, 3.4269000000028074, -0.9322797013809686, -0.030403091210118374, 0.0025339999999999937, 2.9085490000006575, 2.919086000000665, 100.0
31, 0, 4.327900000003252, -1.2185335521825882, -0.04727267904023186, 0.0035550000000000026, 2.838631000000516, 2.8488740000005257, 100.0
39, 0, 3.772700000003537, -1.3683051074703445, -0.004446892651428776, 1.1525899999998521, 2.0705589999998137, 6.557852999999631, 100.0
47, 0, 4.7139000000023525, -1.3754043240200478, -0.012033438638524952, -0.0032849999999999082, 4.076562000001852, 4.077176000002054, 100.0
55, 0, 5.1194000000014075, -1.554587239883514, -0.007275827813445466, 0.0026099999999999995, 4.389183000001076, 4.397993000001048, 100.0
63, 0, 5.73629999999997, -1.5228296921596565, -0.0038779459318602078, 0.0028139999999999992, 3.853089000000889, 3.8624160000008967, 100.0
62, 1, 6.953099999997134, -2.0614725105238243, -0.005571768679610546, 0.009213999999999854, 4.6570870000002005, 4.671293000000183, 100.0
61, 1, 7.274599999996385, -2.276623087505813, -0.035224732168947545, -0.004207999999999912, 4.943578999999192, 4.940383999999239, 100.0
60, 1, 5.3511000000008675, -3.146653253867555, -0.01105085469668799, 0.0005670000000000002, 6.71506899999002, 6.716807999990014, 100.0
59, 1, 7.095499999996802, -2.841570423178855, -0.017580398621362014, 0.0010609999999999986, 5.873195999998162, 5.877013999998165, 100.0
58, 1, 7.297499999996331, -2.9163813973452624, -0.02294654110264342, 0.00045900000000000004, 5.917787999997719, 5.918787999997718, 100.0
57, 1, 7.575399999995684, -2.8350540958180033, -0.009355215675159838, 0.000118, 5.690530999997917, 5.690848999997916, 100.0
56, 1, 7.686399999995425, -2.282619691671209, -0.06110891298718607, 8.2e-05, 4.683536999999957, 4.683864999999959, 100.0
48, 2, 7.795499999995171, -2.8596388268198942, -0.02082866906257176, 8.899999999999998e-05, 5.520187999998574, 5.520282999998573, 100.0
40, 2, 7.797599999995166, -3.1976638237511916, -0.00671849553319738, 0.002318000000000001, 6.094623999996702, 6.100680999996687, 100.0
32, 2, 9.146699999992022, -2.6518014571467488, -0.0260439537610215, 0.0013270000000000005, 4.4568160000002255, 4.46231900000021, 100.0
24, 2, 7.90719999999491, -2.446325212361585, -0.09196565674927984, 2.5714149999997207, 3.807000000001656, 8.802375999996206, 100.0
16, 2, 8.163299999994313, -2.8757878231125344, -0.011761335687277736, 0.00025800000000000004, 5.633707999998892, 5.634662999998889, 100.0
8, 2, 8.256799999994096, -2.957882788693777, -0.02892770151863513, 0.00012800000000000002, 5.711005999998621, 5.711195999998619, 100.0
0, 2, 11.583699999986342, 23.577661265451717, -0.1181849482257183, 0.0, 1.3351999999991655, 1.3351999999991655, 100.0
