1, 3, 2.015599999999829, 4.580440000000441, -0.3458600000000011, 0.30332000000001097, 0.3209000000000183, 0.5741600000000927, 100.0
2, 3, 0.41279999999997086, -0.4275799999995801, -0.034599999999977975, 0.1168399999999967, 0.9955200000004579, 1.0637000000004855, 100.0
3, 3, 0.69259999999994, -1.092980000001263, -0.012200000000053064, 0.037339999999999485, 2.9604399999972464, 2.9737999999971896, 100.0
4, 3, 0.9908999999999072, -1.3525400000020493, -0.0038000000001339553, -0.4953199999999948, 3.9325599999931558, 3.088359999993543, 100.0
5, 3, 0.5734999999999532, -0.707679999999476, -0.012370000000029477, -0.06839999999999408, 2.2308399999988247, 1.3740199999996838, 99.96296296296296
6, 3, 0.4702999999999645, -0.2354400000000533, -0.011760000000013026, 0.017139999999999808, 0.4614400000018801, 0.48738000000199555, 99.61111111111111
7, 3, 0.042700000000000196, -0.013299999999954619, -0.029189999999913546, 0.10790000000000063, 0.05495999999992665, 0.16328000000016754, 99.70370370370371
15, 0, 0.2561999999999881, -0.0919800000002157, -0.06155999999993445, 0.04147999999999965, 0.1607600000000634, 0.1868800000000973, 99.72222222222223
23, 0, 0.5484999999999559, -0.2834199999993318, -0.024020000000007733, 0.025560000000000034, 0.646880000001018, 0.6649000000009829, 99.61111111111111
31, 0, 1.1439999999998904, -0.5848599999986814, -0.07956000000000119, 0.021760000000000005, 1.1372999999971067, 1.152499999996776, 99.85185185185185
39, 0, 1.3698999999998656, -0.8766399999995542, -0.0033900000000426423, -0.34076000000002526, 2.0879599999935796, 1.38827999999214, 99.51851851851852
47, 0, 1.4357999999998583, -0.8410399999996508, -0.05274000000002366, -0.392160000000047, 2.1311399999939127, 1.7838999999897702, 99.46296296296296
55, 0, 1.3943999999998629, -0.9161399999999809, -0.07941000000001434, 0.01660000000000003, 2.270619999998141, 2.2784199999983663, 99.24074074074075
63, 0, 1.0095999999999052, -0.5329199999985329, -0.04574999999999264, 0.03909999999999976, 1.2223399999987725, 1.2441199999985757, 99.37037037037037
62, 1, 0.5663999999999539, -0.2707399999995512, -0.0016599999999709486, 0.10554000000001101, 0.3163200000011992, 0.7173600000005648, 98.4074074074074
61, 1, 0.2498999999999888, -0.13800000000047108, -0.005079999999963852, -0.3500200000000251, 0.645120000000966, 0.25290000000155816, 98.75925925925925
60, 1, 1.4977999999998515, -0.896420000000182, -0.010790000000013641, 0.0035600000000000046, 1.98503999998176, 1.9938399999816732, 98.53703703703704
59, 1, 0.3341999999999795, -0.32023999999801345, -0.007279999999982359, 0.0011600000000000017, 1.5625799999932102, 1.5678199999931537, 98.35185185185185
58, 1, 0.21869999999999223, -0.2339800000001047, -0.02472999999996415, 0.00076, 1.2901399999972436, 1.291899999997225, 98.61111111111111
57, 1, 0.46469999999996514, -0.2554399999999775, -0.07112999999992327, 0.00036, 0.8743600000006592, 0.8759600000006601, 98.51851851851852
56, 1, 0.22869999999999113, -0.07128000000003043, -0.021819999999862033, 0.00012000000000000002, 0.3528599999999288, 0.3533399999999287, 99.29629629629629
48, 2, 0.5637999999999542, -0.21937999999992447, -0.012439999999875821, 0.00046, 0.49812000000013423, 0.49860000000013455, 99.37037037037037
40, 2, 0.6460999999999452, -0.359719999998765, -0.055379999999938014, 0.03230000000000001, 1.2800399999989927, 1.291299999998926, 98.72222222222223
32, 2, 0.4739999999999641, -0.15852000000007482, -0.04825999999981227, 0.07105999999999846, 0.30717999999999596, 0.32804000000000094, 98.96296296296296
24, 2, 0.40479999999997174, -0.14428000000019894, -0.10412999999978269, 0.0012000000000000012, 0.267080000000037, 0.27034000000004527, 98.14814814814815
16, 2, 0.4667999999999649, -0.2700399999996513, -0.04051999999990578, 0.0002, 1.0198200000005582, 1.0210200000005418, 98.62962962962963
8, 2, 0.16869999999999774, -0.11644000000038558, -0.014299999999824863, 0.00046, 0.6941800000004871, 0.6947600000004873, 99.18518518518519
0, 2, 7.654899999995498, 24.0134599999764, -0.18167999999997067, 0.0, 0.19527999999999762, 0.19527999999999762, 100.0
