1, 3, 4.739100000002294, 11.914600000007425, -0.05200000000018434, 1.8053999999998176, 0.8230999999999257, 1.1034999999999173, 100.0
2, 3, 2.723900000001324, -0.9082999999997441, -0.009099999999897156, 0.2826999999999852, 0.4643999999999652, 0.5061999999999601, 99.75925925925925
3, 3, 4.806400000002137, -1.9397999999997597, 2.333439837838222e-13, 1.1157999999998935, 1.466399999999855, 1.4881999999998525, 99.37037037037037
4, 3, 6.7102999999977, -2.236899999992652, -0.0159999999991943, 0.00740000000000001, 1.8625999999998113, 0.4143999999997274, 98.31481481481481
5, 3, 3.9236000000038556, -1.307699999999671, -0.003599999999393994, 0.00730000000000001, 1.3316999999998698, 0.02290000000001037, 98.4074074074074
6, 3, 0.2616999999999875, -0.08699999999990034, -0.0011000000001808816, 0.24299999999998956, 0.12480000000000255, 0.037400000000017246, 98.58024691358025
7, 3, 0.02139999999999993, -0.0044999999999967835, -0.05710000000036221, 0.6239999999999476, -0.09330000000000163, 0.2069000000000204, 98.20370370370371
15, 0, 0.04140000000000016, -0.00960000000003069, -0.007200000000194851, 0.5516999999999556, -0.02209999999999992, 0.12859999999999785, 98.79012345679013
23, 0, 4.695600000002395, -1.5627999999996653, -0.00689999999948629, 0.10080000000000186, 0.8009999999999281, 0.8208999999999258, 98.61111111111111
31, 0, 8.39219999999378, -2.7973999999759767, -0.009599999999271193, 0.008600000000000007, 2.6652000000012, 0.1819999999995407, 98.22222222222223
39, 0, 10.346299999989226, -3.4484999999575887, -0.05489999999911329, 0.007000000000000005, 2.7432000000013645, 0.751899999999808, 76.48148148148148
47, 0, 9.625199999990906, -3.208499999962023, -0.03599999999908703, 0.007300000000000006, 2.375700000000589, 0.9030999999998615, 73.78395061728395
55, 0, 0.04590000000000029, -0.009499999999945575, -0.07909999999971104, 0.20059999999999423, -0.026299999999999893, 0.10079999999999506, 97.77160493827161
63, 0, 0.002999999999999999, 0.0015000000000096982, -0.0037999999998062925, 0.3444999999999784, 0.0061000000000000065, 0.08339999999999842, 98.74691358024691
62, 1, -1.8973538018496328e-19, 0.013799999999935692, -0.04680000000000014, 0.24569999999998926, -0.18939999999999543, 0.3315000000000435, 98.29012345679013
61, 1, -0.0018000000000000008, 0.006099999999938403, -0.026700000000025856, 0.0012000000000000001, 0.13330000000000164, 0.0039000000000048397, 98.20987654320987
60, 1, 0.00020000000000000025, 0.002400000000013066, -0.01590000000061365, 0.019799999999999936, 0.12230000000000248, 0.006699999999999835, 98.29012345679013
59, 1, -0.0017000000000000008, 0.012599999999942862, -0.00869999999991327, 0.006000000000000003, 0.05050000000000042, 0.09889999999999853, 98.30864197530865
58, 1, -0.0014000000000000006, 0.009299999999956822, -0.02759999999995957, 0.0019000000000000004, 0.14310000000000056, -0.0049999999999968585, 98.32716049382717
57, 1, -0.008000000000000007, 0.011899999999913799, -0.007099999999963635, 0.0029999999999999988, 0.09430000000000167, 0.09590000000000169, 98.79629629629629
56, 1, -0.27379999999998617, 0.13940000000105368, -0.19139999999923638, 0.0, 0.3613999999999765, 0.36219999999997643, 94.20370370370371
48, 2, 0.03980000000000011, 0.05770000000013275, -0.06249999999933201, 0.2434999999999895, 0.3526999999999775, 0.36269999999997643, 99.41358024691358
40, 2, 0.03770000000000005, 0.000599999999993728, -0.015499999999946024, 0.36029999999997664, 0.13420000000000154, 0.1577000000000007, 98.85185185185185
32, 2, 0.007700000000000007, 0.0011999999999958947, -0.002999999999940701, 0.384299999999974, 0.06980000000000097, 0.09610000000000112, 99.08024691358025
24, 2, -0.0021000000000000007, 0.0038999999999601853, -0.18219999999997627, 0.20019999999999427, 0.03660000000000002, 0.12269999999999977, 82.38271604938272
16, 2, -0.006000000000000003, 0.006299999999964004, -0.0720000000000349, 0.007400000000000006, 0.07820000000000121, 0.08000000000000126, 97.89506172839506
8, 2, -0.043000000000000205, 0.019499999999978715, -0.005199999999912478, 0.006900000000000005, 0.09110000000000158, 0.0915000000000016, 98.51851851851852
0, 2, 10.385499999989134, 41.54199999995654, -0.16519999999984464, 0.0, 0.6551999999999442, 0.6551999999999442, 100.0
