1, 3, 1.7693999999998216, 4.058199999999595, -0.3649000000000663, 0.7793999999999305, 0.3159999999999815, 0.48749999999997307, 100.0
2, 3, 0.9239999999999146, -0.3082000000001205, -0.03249999999995636, 0.31459999999998167, 0.15339999999999943, 0.21349999999999184, 99.77777777777777
3, 3, 2.04439999999989, -1.0604999999998195, -0.032999999999930016, 1.156399999999889, 1.1000999999998953, 1.1183999999998933, 100.0
4, 3, 3.8264000000036504, -1.2711999999997121, -0.049899999999740194, 0.009399999999999999, 1.2461999999998792, 0.062400000000057715, 98.70370370370371
5, 3, 1.9632999999998002, -0.6543999999997749, -0.012299999999765693, 0.006600000000000004, 0.6696999999999426, 0.02019999999999688, 98.98148148148148
6, 3, 0.046900000000000316, -0.01729999999999806, -0.014299999999856497, 0.1281000000000022, -0.02809999999999989, 0.07689999999999751, 96.0
7, 3, 0.0017000000000000042, 0.010699999999999273, -0.03099999999995196, 0.2990999999999834, -0.05100000000000043, 0.13709999999999764, 99.35185185185185
15, 0, 0.021699999999999928, 0.00110000000000106, -0.012999999999973916, 0.31379999999998176, -0.003999999999999994, 0.08829999999999813, 99.38888888888889
23, 0, 0.36829999999997576, -0.12229999999999135, -0.04269999999986414, 0.1408000000000008, 0.08570000000000143, 0.09790000000000165, 99.22222222222223
31, 0, 1.5821999999998422, -0.5230999999997892, -0.01169999999986626, 0.0742000000000011, 0.2809999999999854, 0.29949999999998317, 98.92592592592592
39, 0, 2.6792000000012295, -0.8939999999997522, -0.000799999999799495, 0.005700000000000002, 0.9252999999999144, 0.016500000000011533, 99.53703703703704
47, 0, 2.5574000000009725, -0.8499999999997566, -0.07739999999985654, -0.0003999999999999998, 0.7095999999999382, 0.21789999999990073, 98.62962962962963
55, 0, 2.8485000000015868, -0.9497999999997438, 0.04690000000012782, 0.04180000000000017, 0.5003999999999612, 0.5156999999999595, 41.648148148148145
63, 0, 1.0168999999999044, -0.33940000000006554, -0.033699999999939376, 0.14480000000000037, 0.21069999999999312, 0.22099999999999181, 85.11111111111111
62, 1, 0.01959999999999994, -0.005899999999979632, -0.03689999999987403, 0.013399999999999974, -0.19679999999999462, 0.288900000000046, 98.25925925925925
61, 1, 0.018799999999999942, -0.003999999999999469, -0.002500000000053396, 0.0005, 0.0986000000000018, 0.004100000000002676, 98.42592592592592
60, 1, 2.918300000001734, -0.9686999999996706, -0.044799999999830455, 0.01249999999999998, 0.5100999999999601, 0.5144999999999597, 98.27777777777777
59, 1, 0.14420000000000044, -0.04519999999997287, -0.018099999999910292, 0.010099999999999994, 0.04430000000000024, 0.08249999999999932, 98.25925925925925
58, 1, 0.007300000000000006, 0.0033999999999862157, -0.08549999999995876, 0.007700000000000007, 0.04810000000000035, 0.050000000000000405, 97.96296296296296
57, 1, 0.00030000000000000024, 0.0009000000000039365, -0.02499999999995874, 0.006600000000000004, 0.060500000000000706, 0.07150000000000038, 98.57407407407408
56, 1, -0.14790000000000003, 0.05259999999999034, -0.03140000000000095, 0.0051, 0.1364000000000013, 0.13760000000000117, 98.79629629629629
48, 2, 0.07210000000000104, -0.005800000000001205, -0.03979999999995851, 0.024899999999999905, 0.10800000000000207, 0.10820000000000207, 98.79629629629629
40, 2, 0.020599999999999934, -0.00479999999999037, -0.008599999999952868, 0.2723999999999863, 0.06940000000000096, 0.10020000000000123, 98.46296296296296
32, 2, 0.1254000000000025, -0.01840000000003148, -0.15240000000000203, 0.3314999999999798, 0.12240000000000248, 0.13400000000000145, 97.9074074074074
24, 2, -0.0019000000000000004, 0.004699999999991514, -0.1506999999999686, 0.004199999999999998, 0.09790000000000178, 0.10280000000000193, 97.70370370370371
16, 2, 0.0014000000000000006, 0.0044000000000056815, -0.0321999999999853, 0.007600000000000007, 0.07170000000000103, 0.07380000000000109, 98.25925925925925
8, 2, -0.048200000000000354, 0.01619999999999838, -0.0028999999999758178, 0.0067000000000000046, 0.09280000000000163, 0.09400000000000167, 99.05555555555556
0, 2, 7.513799999995827, 30.05519999998331, -0.2240999999999349, 0.0, 0.27559999999998597, 0.27559999999998597, 100.0
