1, 3, 3.2133000000023566, -1.0709999999997395, -0.022299999998776163, 0.0, 0.5665999999999539, 0.5665999999999539, 91.51851851851852
2, 3, 3.740000000003468, -1.2465999999997166, -0.013199999998632223, 0.0, 0.6630999999999433, 0.6630999999999433, 91.20370370370371
3, 3, 4.136000000003699, -1.3788999999996905, -0.06209999999858252, 0.0, 0.7262999999999363, 0.7262999999999363, 71.72222222222223
4, 3, 4.488800000002877, -1.4962999999996565, -0.013899999998525482, 0.0, 0.7804999999999304, 0.7804999999999304, 71.51851851851852
5, 3, 4.823400000002097, -1.6074999999996746, 0.006400000001501155, 0.0, 0.8440999999999234, 0.8440999999999234, 89.66666666666667
6, 3, 5.080400000001498, -1.6898999999996671, -0.09439999999848393, 0.0, 0.8864999999999187, 0.8864999999999187, 69.85185185185185
7, 3, 5.317400000000946, -1.770899999999648, -0.07289999999843695, 0.0, 0.920099999999915, 0.920099999999915, 91.5925925925926
15, 0, 5.549100000000406, -1.8449999999996434, -0.08099999999842289, 0.0, 0.956499999999911, 0.956499999999911, 91.5925925925926
23, 0, 5.70600000000004, -1.8986999999996457, -0.08899999999839753, 0.0, 0.9890999999999074, 0.9890999999999074, 91.5925925925926
31, 0, 5.8616999999996775, -1.9445999999996386, -0.08449999999838842, 0.0, 1.0006999999999062, 1.0006999999999062, 91.62962962962963
39, 0, 6.040399999999261, -2.0111999999987122, -0.0753999999983665, 0.0, 1.0407999999999018, 1.0407999999999018, 91.62962962962963
47, 0, 6.172199999998954, -2.05759999999746, 0.01040000000166101, 0.0, 1.0725999999998983, 1.0725999999998983, 69.87037037037037
55, 0, 6.309299999998634, -2.10339999999625, 0.008500000001666667, 0.0, 1.0789999999998976, 1.0789999999998976, 69.85185185185185
63, 0, 6.4044999999984125, -2.134999999995257, -0.04979999999831073, 0.0, 1.1042999999998948, 1.1042999999998948, 71.70370370370371
62, 1, 4.3226000000032645, -1.4382999999997013, 0.011700000001814929, 0.0, 0.7599999999999326, 0.7599999999999326, 88.22222222222223
61, 1, 4.430200000003014, -1.4760999999996842, -0.08979999999817986, 0.0, 0.7808999999999303, 0.7808999999999303, 69.11111111111111
60, 1, 4.59050000000264, -1.527499999999677, -0.09479999999814795, 0.0, 0.8072999999999274, 0.8072999999999274, 89.98148148148148
59, 1, 4.693900000002399, -1.5614999999996837, 0.0017000000018511055, 0.0, 0.8052999999999276, 0.8052999999999276, 88.22222222222223
58, 1, 4.815300000002116, -1.6009999999996716, -0.09609999999810956, 0.0, 0.8425999999999235, 0.8425999999999235, 89.98148148148148
57, 1, 4.9233000000018645, -1.6392999999996758, -0.09719999999811249, 0.0, 0.8601999999999216, 0.8601999999999216, 69.11111111111111
56, 1, 5.028500000001619, -1.6685999999996686, -0.10539999999809363, 0.0, 0.8764999999999198, 0.8764999999999198, 89.98148148148148
48, 2, 5.079000000001502, -1.6917999999996658, 0.07860000000190122, 0.0, 0.8854999999999188, 0.8854999999999188, 76.75925925925925
40, 2, 5.187800000001248, -1.724599999999669, -0.09499999999810237, 0.0, 0.902299999999917, 0.902299999999917, 69.11111111111111
32, 2, 5.263000000001073, -1.7542999999996567, 0.021200000001905056, 0.0, 0.9158999999999154, 0.9158999999999154, 88.11111111111111
24, 2, 5.33280000000091, -1.7722999999996583, -0.0887999999981008, 0.0, 0.9228999999999147, 0.9228999999999147, 89.98148148148148
16, 2, 5.411800000000726, -1.79879999999965, 0.003900000001919249, 0.0, 0.9392999999999129, 0.9392999999999129, 88.22222222222223
8, 2, 5.499800000000521, -1.8330999999996478, 0.010300000001912129, 0.0, 0.9505999999999116, 0.9505999999999116, 88.22222222222223
0, 2, 5.558700000000384, -1.8471999999996458, 0.009600000001912901, 0.0, 0.9612999999999104, 0.9612999999999104, 88.22222222222223
