1, 3, 4.542600000002752, 6.058798804242037, -0.05456309592529209, 0.019931000000000008, 0.7188331384773738, 0.8353455529729827, 100.0
2, 3, 3.740500000003469, -0.9256123350091279, -0.028413677938765355, 0.0038039999999999975, 1.5914231442043043, 1.608063590768462, 100.0
3, 3, 3.3791000000027065, -0.903616708436593, -0.029199993006239426, 0.0018119999999999196, 1.7253972101203416, 1.733872683653076, 100.0
4, 3, 3.0156000000019394, -0.9106270667043957, -0.007628862925409197, 0.020978999999999855, 2.094198378087923, 2.130325767978563, 100.0
5, 3, 3.3072000000025548, -0.9710879841074901, -0.006164157450418841, 0.004272000000000007, 2.425200213665264, 2.4319143234673564, 100.0
6, 3, 3.4929000000029466, -0.9627566370800181, -0.014800026518870713, -0.006647000000000241, 2.6237115365743033, 2.6010363354840336, 100.0
7, 3, 3.651400000003281, -0.9573570646952188, -0.0065465707097254675, 0.0007740000000000001, 2.639911944307972, 2.643344946336742, 100.0
15, 0, 4.022600000003964, -1.0306216132918575, -0.014323328621819155, 0.0013340000000000001, 2.8989014539006943, 2.9045677894736683, 100.0
23, 0, 3.8756000000037543, -1.0895860094216734, -0.009345827074662198, -0.006271000000000171, 3.2551250000015197, 3.234583000001644, 100.0
31, 0, 3.8090000000036137, -1.1254927369066305, -0.008329976873871377, 0.0024509999999999996, 3.729267000002686, 3.733965000002696, 100.0
39, 0, 4.185400000003584, -1.3261419282480507, -0.008587762507123363, -0.008700999999999908, 4.073531000003069, 4.048698000003296, 100.0
47, 0, 5.064500000001535, -1.4172406098332566, -0.014017185868039767, 0.0, 4.039300000002937, 4.039300000002937, 100.0
55, 0, 5.499900000000521, -1.5122003885091562, -0.02988232458007338, 0.0, 4.05003500000275, 4.05003500000275, 100.0
63, 0, 5.825799999999761, -1.52184490906137, -0.04490237223868772, 0.0, 3.971996000001284, 3.971996000001284, 100.0
62, 1, 9.80399999999049, -2.34282034013705, -0.029095040540745153, 0.0013030000000000003, 5.019070999999017, 5.022632999999004, 100.0
61, 1, 8.145499999994355, -2.0698025893278436, -0.029053183737291183, 0.0026820000000000012, 4.699010000000965, 4.706833000000959, 100.0
60, 1, 7.405599999996079, -2.031025125413079, -0.04448158226820736, -0.007122000000000233, 4.641475000000829, 4.642523000000712, 100.0
59, 1, 7.570999999995694, -2.0702402293507425, -0.0024606516693155417, 0.008239999999999968, 4.70856600000052, 4.730803000000466, 100.0
58, 1, 7.541699999995762, -2.389441085488256, -0.028046447955751935, 0.0037569999999999973, 5.2441089999995665, 5.257586999999545, 100.0
57, 1, 7.615899999995589, -2.331322327408688, -0.04626895076564054, 0.005096000000000016, 5.036658999999631, 5.047481999999626, 100.0
56, 1, 7.683899999995431, -2.17245307860849, -0.002683378876330425, 0.0027329999999999998, 4.833723999999755, 4.843083999999742, 100.0
48, 2, 7.793899999995174, -2.2918508060077603, -0.003968565034154416, 0.003167, 4.938781999999596, 4.9496329999995785, 100.0
40, 2, 7.705099999995381, -3.0017895672545327, -0.03219590136775419, 0.003108999999999997, 5.903077999998413, 5.912824999998406, 100.0
32, 2, 7.787799999995189, -3.104890718942785, -0.034680575805071404, 0.0014939999999999992, 6.126548999998435, 6.133767999998432, 100.0
24, 2, 7.835299999995078, -3.1984342289049095, -0.01237593411463793, -0.00441699999999997, 6.284842999998463, 6.272645999998568, 100.0
16, 2, 7.262499999996413, -3.5666735703741397, -0.04273088833703809, 0.014759999999998143, 7.815182999986445, 7.8575919999870365, 100.0
8, 2, 7.306999999996309, -3.6203369607181353, -0.03704017332928342, 0.0004310000000000003, 8.052204999986056, 8.053436999986058, 100.0
0, 2, 11.630099999986234, 23.523346340347867, -0.1818453853687459, 0.0, 1.5500769999996205, 1.5500769999996205, 100.0
