1, 3, 4.746900000002276, 5.883532328741969, -0.06394913180364543, 0.03188299999999993, 0.8014450179031057, 0.9789897701612101, 100.0
2, 3, 3.644200000003266, -1.1487443082307651, -0.010739018824266124, 0.22287700000000826, 0.8130237819381302, 1.6364447591272937, 100.0
3, 3, 3.33340000000261, -1.2457693656249134, -0.025439700287199968, 0.6217149278083091, 0.6912292272362601, 2.91383639090675, 100.0
4, 3, 2.9549000000018113, -0.8038224378811785, -0.01412650281197365, 0.0014479999999999996, 1.8767668093311274, 1.882090833208725, 100.0
5, 3, 3.4042000000027595, -0.8738131457645084, -0.00441093636407206, 0.002175, 2.0969468910806026, 2.1065843578971575, 99.01851851851852
6, 3, 4.312500000003288, -1.126327496133023, -0.012488600257178972, 0.0034729999999999982, 2.600161457132938, 2.6153403227565826, 100.0
7, 3, 5.118700000001409, -1.34651620456651, -0.014994249406707344, 0.004669999999999997, 2.9632802158653724, 2.9821149889940486, 100.0
15, 0, 5.063300000001538, -1.3424248382017472, -0.016872144696483314, 0.003906999999999998, 3.0753141882675554, 3.0907023157913995, 100.0
23, 0, 3.6188000000032123, -1.0229886207588632, -0.008037344512442295, 0.0024280000000000196, 3.093203000001179, 3.1018590000011868, 100.0
31, 0, 3.852200000003705, -1.1515865796334663, -0.008204146609481707, -0.005974000000000173, 3.4986250000017725, 3.484216000001874, 100.0
39, 0, 4.546400000002743, -1.342872591989141, -0.033515839622683105, -0.0002940000000000166, 3.636366000001541, 3.639509000001688, 100.0
47, 0, 4.144900000003679, -1.3425023379995809, -0.03397454205697968, 0.7806509999991497, 3.3202650000011023, 5.802363000000769, 100.0
55, 0, 5.490300000000543, -1.5654849369663177, -0.0387587307322479, 0.000108, 4.020498000001063, 4.020726000001062, 100.0
63, 0, 5.809899999999798, -1.6014502306302676, -0.034596014790855376, 0.0, 4.0103940000008675, 4.0103940000008675, 100.0
62, 1, 6.693799999997738, -1.7478652206055667, -0.05285781732047573, 0.0, 3.914285000000313, 3.914285000000313, 100.0
61, 1, 7.055999999996894, -1.8833974954004842, -0.06450809375278674, 0.00015, 4.122106000000241, 4.122690000000243, 100.0
60, 1, 7.369599999996163, -2.260445937766133, -0.036779564722264416, -0.0032509999999999284, 4.701562999999728, 4.6957249999997925, 100.0
59, 1, 7.533199999995782, -2.0648984502382794, -0.028076173326250165, 0.0004270000000000001, 4.270755000000239, 4.272475000000239, 100.0
58, 1, 7.682899999995433, -2.196485295155697, -0.12259409231234716, -0.004372999999999934, 4.4362999999999175, 4.428114000000066, 100.0
57, 1, 7.667899999995468, -2.1710099581595124, -0.03240648976711148, 0.000496, 4.357915999999722, 4.35980799999972, 100.0
56, 1, 10.978299999987753, -2.1045432706650047, -0.16914886962023454, 0.0, 4.549311999998652, 4.549311999998652, 100.0
48, 2, 11.003799999987693, -2.1168494708051613, -0.045436302916807614, 0.0021219999999999998, 4.549365999998663, 4.5557079999986625, 99.42592592592592
40, 2, 9.618299999990922, -2.2721648166294197, -0.02635261176261317, 0.0005409999999999998, 4.38602799999913, 4.388096999999132, 99.87037037037037
32, 2, 7.861499999995017, -3.026744141375789, -0.03751326407928766, 0.08585500000002246, 5.569829999999187, 5.823247999998496, 100.0
24, 2, 8.135999999994377, -2.3360315627203585, -0.05369590865119217, 0.000679, 4.55099399999993, 4.552270999999932, 100.0
16, 2, 8.163099999994314, -2.3536774359981036, -0.09789295096511191, 0.00017200000000000003, 4.527148999999794, 4.5276249999997935, 100.0
8, 2, 7.5131999999958285, -3.2948843719657877, -0.032880546980258024, 0.0, 7.063092999998783, 7.063092999998783, 100.0
0, 2, 11.589899999986327, 23.642739220303596, -0.16566634373107172, 0.0, 1.2723439999994928, 1.2723439999994928, 100.0
