1, 3, 2.610300000001084, -0.9207542062969997, -0.08855999044939994, 0.0, 1.5493879490034899, 1.5480760000005889, 100.0
2, 3, 2.9081000000017125, -1.007754099676753, -0.033060092693958196, 0.0, 1.6776206116854548, 1.6770499365082625, 99.75925925925925
3, 3, 3.050100000002012, -1.0623334948105851, -0.03929077898423204, 0.0, 1.7851179257889052, 1.7849546666669969, 99.81481481481481
4, 3, 2.979400000001863, -1.0633463674630392, 0.008370043820333618, 0.0, 1.8831160000005618, 1.8831160000005618, 98.37037037037037
5, 3, 3.0480000000020078, -1.0996058720065673, -0.0011157376834743874, 0.0, 1.9850100000008888, 1.9850100000008888, 99.33333333333333
6, 3, 3.0369000000019843, -1.1135725682530357, -0.004391938675935594, 0.0, 2.118330000001371, 2.118330000001371, 99.33333333333333
7, 3, 2.991700000001889, -1.1267442805990524, -0.027496857544151165, 0.0, 2.2365660000016936, 2.2365660000016936, 99.81481481481481
15, 0, 2.9389000000017775, -1.1270510679437773, -0.03671961592193402, 0.0, 2.355368000001887, 2.355368000001887, 99.87037037037037
23, 0, 2.875700000001644, -1.1368508307950191, -0.04125572356297445, 0.0, 2.473654000001971, 2.473654000001971, 100.0
31, 0, 2.830100000001548, -1.1553788556345799, -0.019579967328595824, 0.0, 2.5677240000020722, 2.5677240000020722, 100.0
39, 0, 2.7844000000014515, -1.1549187016938445, 0.013826187143244326, 0.0, 2.6536400000022393, 2.6536400000022393, 99.68518518518519
47, 0, 2.7286000000013337, -1.1762065692250234, 0.0003308618565960632, 0.0, 2.7451520000024483, 2.7451520000024483, 100.0
55, 0, 2.643400000001154, -1.1935069519569683, -0.07124091078789122, 0.0, 2.8233380000026136, 2.8233380000026136, 100.0
63, 0, 2.5916000000010446, -1.2046013871862373, -0.07715338485649918, 0.0, 2.904652000002774, 2.904652000002774, 100.0
62, 1, 2.81680000000152, -1.366966551363953, -0.07190952913351151, 0.0, 3.1240860000026616, 3.1240860000026616, 100.0
61, 1, 2.7834000000014494, -1.3814150931151417, -0.0017468328787929102, 0.0, 3.3005640000030496, 3.3005640000030496, 100.0
60, 1, 2.760400000001401, -1.4175992524997145, -0.026446029190562846, 0.0, 3.4563540000034805, 3.4563540000034805, 100.0
59, 1, 2.7238000000013236, -1.4469667561324864, 0.025272137477369207, 0.0, 3.6187680000039757, 3.6187680000039757, 100.0
58, 1, 2.681400000001234, -1.4577548662102167, 0.02715763788904777, 0.0, 3.770460000004455, 3.770460000004455, 100.0
57, 1, 2.656800000001182, -1.4851067371425088, -0.03177790788635782, 0.0, 3.906846000005047, 3.906846000005047, 100.0
56, 1, 2.621100000001107, -1.5077057044099833, -0.006665109883342166, 0.0, 4.04034600000551, 4.04034600000551, 100.0
48, 2, 2.5938000000010493, -1.5305643608822306, -0.07675229224563085, 0.0, 4.154492000005581, 4.154492000005581, 100.0
40, 2, 2.5720000000010033, -1.5508157711983792, -0.06642301846403043, 0.0, 4.276966000005879, 4.276966000005879, 100.0
32, 2, 2.5280000000009104, -1.5564793034352626, 0.0021267987014637196, 0.0, 4.383848000005667, 4.383848000005667, 100.0
24, 2, 2.5220000000008977, -1.5810061887518774, 0.020204799241639242, 0.0, 4.488856000005655, 4.488856000005655, 100.0
16, 2, 2.4943000000008393, -1.5868822275123686, -0.012161091180578981, 0.0, 4.566642000005672, 4.566642000005672, 100.0
8, 2, 2.4783000000008055, -1.5931377862813652, -0.003972185467638958, 0.0, 4.675788000005351, 4.675788000005351, 100.0
0, 2, 2.464300000000776, -1.6176375151058136, -0.07230064369736247, 0.0, 4.761698000005031, 4.761698000005031, 100.0
