11330.0, 2.0, 1.0, 0.0, 1.0, 6.0, 1.0
5501.0, 1.0, 0.0, 1.0, 0.0, 0.0, 1.0
14893.0, 3.0, 0.0, 0.0, 1.0, 10419.0, 1.0
8559.0, 4.0, 7.0, 0.0, 0.0, 0.0, 0.0
14566.0, 4.0, 14567.0, 0.0, 0.0, 0.0, 0.0
19941.0, 0.0, 0.0, 0.0, 1.0, 15646.0, 1.0
6965.0, 1.0, 0.0, 0.0, 0.0, 0.0, 1.0
2169.0, 1.0, 0.0, 0.0, 0.0, 0.0, 1.0
5174.0, 4.0, 312.0, 0.0, 0.0, 0.0, 0.0
5820.0, 2.0, 0.0, 1.0, 0.0, 0.0, 1.0
2490.0, 4.0, 32.0, 0.0, 0.0, 0.0, 0.0
9562.0, 4.0, 9563.0, 0.0, 0.0, 0.0, 0.0
19283.0, 1.0, 0.0, 0.0, 1.0, 13725.0, 1.0
17754.0, 4.0, 1.0, 0.0, 1.0, 1.0, 1.0
1155.0, 3.0, 0.0, 0.0, 0.0, 0.0, 1.0
9764.0, 4.0, 116.0, 0.0, 0.0, 0.0, 0.0
8455.0, 4.0, 33.0, 0.0, 0.0, 0.0, 0.0
19266.0, 4.0, 19267.0, 0.0, 0.0, 0.0, 0.0
15667.0, 4.0, 520.0, 0.0, 0.0, 0.0, 0.0
19007.0, 3.0, 0.0, 0.0, 1.0, 13505.0, 1.0
5587.0, 3.0, 0.0, 0.0, 0.0, 0.0, 1.0
11766.0, 4.0, 1.0, 0.0, 0.0, 0.0, 1.0
15439.0, 1.0, 1.0, 0.0, 1.0, 4.0, 1.0
13591.0, 1.0, 1.0, 0.0, 0.0, 0.0, 1.0
20314.0, 4.0, 20315.0, 0.0, 0.0, 0.0, 0.0
1144.0, 4.0, 1.0, 0.0, 1.0, 1.0, 1.0
7423.0, 4.0, 299.0, 0.0, 0.0, 0.0, 0.0
14443.0, 4.0, 68.0, 0.0, 0.0, 0.0, 0.0
18274.0, 1.0, 1.0, 0.0, 0.0, 0.0, 1.0
8174.0, 4.0, 1.0, 0.0, 0.0, 0.0, 1.0
3958.0, 1.0, 0.0, 0.0, 1.0, 2219.0, 1.0
20483.0, 4.0, 20484.0, 0.0, 0.0, 0.0, 0.0
16126.0, 4.0, 16127.0, 0.0, 0.0, 0.0, 0.0
11528.0, 4.0, 27.0, 0.0, 0.0, 0.0, 0.0
9130.0, 4.0, 1.0, 0.0, 1.0, 1.0, 1.0
2071.0, 1.0, 0.0, 0.0, 1.0, 809.0, 1.0
17421.0, 1.0, 0.0, 0.0, 1.0, 12366.0, 1.0
11982.0, 4.0, 11983.0, 0.0, 0.0, 0.0, 0.0
8652.0, 4.0, 8653.0, 0.0, 0.0, 0.0, 0.0
18454.0, 1.0, 1.0, 0.0, 0.0, 0.0, 1.0
7887.0, 3.0, 0.0, 0.0, 0.0, 0.0, 1.0
6274.0, 1.0, 0.0, 1.0, 0.0, 0.0, 1.0
18559.0, 1.0, 1.0, 0.0, 0.0, 0.0, 1.0
8539.0, 4.0, 16.0, 0.0, 0.0, 0.0, 0.0
6867.0, 1.0, 1.0, 0.0, 1.0, 6.0, 1.0
1108.0, 4.0, 1109.0, 0.0, 0.0, 0.0, 0.0
8557.0, 1.0, 1.0, 0.0, 0.0, 0.0, 1.0
6696.0, 4.0, 6697.0, 0.0, 0.0, 0.0, 0.0
20351.0, 1.0, 1.0, 0.0, 0.0, 0.0, 1.0
10226.0, 4.0, 664.0, 0.0, 0.0, 0.0, 0.0
14594.0, 4.0, 14595.0, 0.0, 0.0, 0.0, 0.0
9710.0, 4.0, 1.0, 0.0, 1.0, 1.0, 1.0
9743.0, 1.0, 1.0, 0.0, 1.0, 6.0, 1.0
4912.0, 4.0, 4913.0, 0.0, 0.0, 0.0, 0.0
18007.0, 4.0, 18008.0, 0.0, 0.0, 0.0, 0.0
12927.0, 3.0, 0.0, 0.0, 0.0, 0.0, 1.0
9978.0, 1.0, 1.0, 0.0, 0.0, 0.0, 1.0
20663.0, 1.0, 0.0, 1.0, 0.0, 0.0, 1.0
11152.0, 2.0, 1.0, 0.0, 1.0, 6.0, 1.0
9595.0, 1.0, 0.0, 0.0, 0.0, 0.0, 1.0
18194.0, 4.0, 18195.0, 0.0, 0.0, 0.0, 0.0
9238.0, 1.0, 0.0, 1.0, 0.0, 0.0, 1.0
3336.0, 3.0, 0.0, 0.0, 0.0, 0.0, 1.0
19676.0, 3.0, 0.0, 0.0, 0.0, 0.0, 1.0
14417.0, 1.0, 0.0, 0.0, 0.0, 0.0, 1.0
16005.0, 4.0, 16006.0, 0.0, 0.0, 0.0, 0.0
2946.0, 4.0, 2947.0, 0.0, 0.0, 0.0, 0.0
15314.0, 1.0, 0.0, 0.0, 0.0, 0.0, 1.0
17186.0, 4.0, 1.0, 0.0, 0.0, 0.0, 1.0
5614.0, 4.0, 5615.0, 0.0, 0.0, 0.0, 0.0
5612.0, 4.0, 5613.0, 0.0, 0.0, 0.0, 0.0
1890.0, 4.0, 1891.0, 0.0, 0.0, 0.0, 0.0
9324.0, 4.0, 1.0, 0.0, 1.0, 1.0, 1.0
9855.0, 4.0, 9856.0, 0.0, 0.0, 0.0, 0.0
16744.0, 4.0, 16745.0, 0.0, 0.0, 0.0, 0.0
14045.0, 3.0, 0.0, 0.0, 0.0, 0.0, 1.0
7752.0, 4.0, 432.0, 0.0, 0.0, 0.0, 0.0
2438.0, 1.0, 0.0, 0.0, 0.0, 0.0, 1.0
8286.0, 4.0, 8287.0, 0.0, 0.0, 0.0, 0.0
3222.0, 4.0, 3223.0, 0.0, 0.0, 0.0, 0.0
16960.0, 4.0, 147.0, 0.0, 0.0, 0.0, 0.0
1492.0, 4.0, 130.0, 0.0, 0.0, 0.0, 0.0
4758.0, 1.0, 0.0, 0.0, 1.0, 2830.0, 1.0
2812.0, 4.0, 82.0, 0.0, 0.0, 0.0, 0.0
8572.0, 1.0, 0.0, 1.0, 0.0, 0.0, 1.0
9943.0, 4.0, 30.0, 0.0, 0.0, 0.0, 0.0
18212.0, 4.0, 18213.0, 0.0, 0.0, 0.0, 0.0
17868.0, 4.0, 18.0, 0.0, 0.0, 0.0, 0.0
12542.0, 4.0, 1.0, 0.0, 0.0, 0.0, 1.0
17006.0, 4.0, 213.0, 0.0, 0.0, 0.0, 0.0
2274.0, 0.0, 0.0, 0.0, 1.0, 956.0, 1.0
8254.0, 4.0, 1.0, 0.0, 1.0, 1.0, 1.0
1611.0, 3.0, 0.0, 0.0, 0.0, 0.0, 1.0
20247.0, 2.0, 1.0, 0.0, 1.0, 6.0, 1.0
1211.0, 3.0, 0.0, 0.0, 0.0, 0.0, 1.0
17233.0, 4.0, 17234.0, 0.0, 0.0, 0.0, 0.0
12441.0, 4.0, 12442.0, 0.0, 0.0, 0.0, 0.0
5403.0, 4.0, 169.0, 0.0, 0.0, 0.0, 0.0
10964.0, 4.0, 1.0, 0.0, 1.0, 1.0, 1.0
19316.0, 1.0, 1.0, 0.0, 1.0, 6.0, 1.0
15025.0, 4.0, 15026.0, 0.0, 0.0, 0.0, 0.0
17674.0, 1.0, 1.0, 0.0, 0.0, 0.0, 1.0
17284.0, 4.0, 17285.0, 0.0, 0.0, 0.0, 0.0
1923.0, 3.0, 0.0, 0.0, 0.0, 0.0, 1.0
1966.0, 1.0, 0.0, 0.0, 1.0, 728.0, 1.0
20933.0, 4.0, 20934.0, 0.0, 0.0, 0.0, 0.0
14187.0, 1.0, 1.0, 0.0, 1.0, 6.0, 1.0
19695.0, 4.0, 19696.0, 0.0, 0.0, 0.0, 0.0
5986.0, 4.0, 5987.0, 0.0, 0.0, 0.0, 0.0
15346.0, 1.0, 1.0, 0.0, 0.0, 0.0, 1.0
3952.0, 1.0, 1.0, 0.0, 0.0, 0.0, 1.0
13890.0, 4.0, 1.0, 0.0, 1.0, 1.0, 1.0
7912.0, 3.0, 0.0, 0.0, 0.0, 0.0, 1.0
11926.0, 1.0, 0.0, 0.0, 0.0, 0.0, 1.0
16597.0, 3.0, 0.0, 0.0, 1.0, 11697.0, 1.0
6341.0, 4.0, 6342.0, 0.0, 0.0, 0.0, 0.0
4017.0, 3.0, 0.0, 0.0, 0.0, 0.0, 1.0
17205.0, 3.0, 0.0, 0.0, 0.0, 0.0, 1.0
20344.0, 4.0, 20345.0, 0.0, 0.0, 0.0, 0.0
1433.0, 4.0, 1434.0, 0.0, 0.0, 0.0, 0.0
14580.0, 1.0, 0.0, 1.0, 0.0, 0.0, 1.0
14991.0, 1.0, 1.0, 0.0, 0.0, 0.0, 1.0
8474.0, 2.0, 1.0, 0.0, 1.0, 6.0, 1.0
2560.0, 1.0, 0.0, 0.0, 0.0, 0.0, 1.0
6786.0, 4.0, 6787.0, 0.0, 0.0, 0.0, 0.0
20599.0, 4.0, 20600.0, 0.0, 0.0, 0.0, 0.0
19770.0, 1.0, 0.0, 0.0, 0.0, 0.0, 1.0
12238.0, 4.0, 72.0, 0.0, 0.0, 0.0, 0.0
19702.0, 1.0, 0.0, 1.0, 0.0, 0.0, 1.0
11743.0, 4.0, 11744.0, 0.0, 0.0, 0.0, 0.0
15546.0, 1.0, 0.0, 1.0, 0.0, 0.0, 1.0
18306.0, 4.0, 18307.0, 0.0, 0.0, 0.0, 0.0
11131.0, 4.0, 11132.0, 0.0, 0.0, 0.0, 0.0
16369.0, 1.0, 1.0, 0.0, 1.0, 10.0, 1.0
5670.0, 4.0, 8.0, 0.0, 0.0, 0.0, 0.0
7880.0, 4.0, 401.0, 0.0, 0.0, 0.0, 0.0
7635.0, 3.0, 0.0, 0.0, 0.0, 0.0, 1.0
16893.0, 3.0, 0.0, 0.0, 0.0, 0.0, 1.0
19647.0, 4.0, 19648.0, 0.0, 0.0, 0.0, 0.0
8089.0, 4.0, 8090.0, 0.0, 0.0, 0.0, 0.0
8801.0, 1.0, 1.0, 0.0, 0.0, 0.0, 1.0
16128.0, 4.0, 16129.0, 0.0, 0.0, 0.0, 0.0
10681.0, 1.0, 1.0, 0.0, 1.0, 6.0, 1.0
12224.0, 4.0, 12225.0, 0.0, 0.0, 0.0, 0.0
9948.0, 4.0, 26.0, 0.0, 0.0, 0.0, 0.0
15016.0, 4.0, 1.0, 0.0, 1.0, 1.0, 1.0
6712.0, 4.0, 6713.0, 0.0, 0.0, 0.0, 0.0
8790.0, 4.0, 1.0, 0.0, 1.0, 1.0, 1.0
8163.0, 4.0, 8164.0, 0.0, 0.0, 0.0, 0.0
10771.0, 4.0, 10772.0, 0.0, 0.0, 0.0, 0.0
9910.0, 1.0, 0.0, 0.0, 0.0, 0.0, 1.0
19283.0, 3.0, 0.0, 0.0, 0.0, 0.0, 1.0
18908.0, 4.0, 1.0, 0.0, 1.0, 1.0, 1.0
3786.0, 4.0, 3787.0, 0.0, 0.0, 0.0, 0.0
1956.0, 4.0, 1.0, 0.0, 0.0, 0.0, 1.0
12440.0, 4.0, 1.0, 0.0, 1.0, 1.0, 1.0
15341.0, 3.0, 0.0, 0.0, 0.0, 0.0, 1.0
6636.0, 3.0, 0.0, 0.0, 0.0, 0.0, 0.0
2817.0, 4.0, 2818.0, 0.0, 0.0, 0.0, 0.0
19455.0, 4.0, 16.0, 0.0, 0.0, 0.0, 0.0
9102.0, 0.0, 0.0, 1.0, 0.0, 0.0, 1.0
19409.0, 3.0, 0.0, 0.0, 0.0, 0.0, 1.0
18527.0, 1.0, 0.0, 1.0, 0.0, 0.0, 1.0
20671.0, 4.0, 245.0, 0.0, 0.0, 0.0, 0.0
12009.0, 4.0, 12010.0, 0.0, 0.0, 0.0, 0.0
9851.0, 1.0, 1.0, 0.0, 0.0, 0.0, 1.0
18901.0, 4.0, 18.0, 0.0, 0.0, 0.0, 0.0
12085.0, 1.0, 0.0, 1.0, 0.0, 0.0, 1.0
13419.0, 1.0, 1.0, 0.0, 0.0, 0.0, 1.0
3524.0, 4.0, 1.0, 0.0, 1.0, 1.0, 1.0
3637.0, 1.0, 1.0, 0.0, 1.0, 2.0, 1.0
8275.0, 4.0, 11.0, 0.0, 0.0, 0.0, 0.0
17631.0, 1.0, 1.0, 0.0, 1.0, 6.0, 1.0
11176.0, 4.0, 8.0, 0.0, 0.0, 0.0, 0.0
13933.0, 4.0, 386.0, 0.0, 0.0, 0.0, 0.0
17417.0, 4.0, 17418.0, 0.0, 0.0, 0.0, 0.0
11928.0, 4.0, 412.0, 0.0, 0.0, 0.0, 0.0
2048.0, 2.0, 1.0, 0.0, 1.0, 5.0, 1.0
2093.0, 4.0, 2094.0, 0.0, 0.0, 0.0, 0.0
19213.0, 1.0, 0.0, 1.0, 0.0, 0.0, 1.0
11212.0, 0.0, 2.0, 1.0, 0.0, 0.0, 1.0
17566.0, 4.0, 504.0, 0.0, 0.0, 0.0, 0.0
19761.0, 4.0, 272.0, 0.0, 0.0, 0.0, 0.0
10356.0, 4.0, 381.0, 0.0, 0.0, 0.0, 0.0
14918.0, 4.0, 14919.0, 0.0, 0.0, 0.0, 0.0
6128.0, 4.0, 1.0, 0.0, 1.0, 1.0, 1.0
1432.0, 4.0, 1.0, 0.0, 1.0, 1.0, 1.0
5828.0, 4.0, 5829.0, 0.0, 0.0, 0.0, 0.0
2839.0, 4.0, 2840.0, 0.0, 0.0, 0.0, 0.0
14375.0, 3.0, 0.0, 0.0, 0.0, 0.0, 1.0
12784.0, 4.0, 1.0, 0.0, 1.0, 1.0, 1.0
19516.0, 4.0, 1.0, 0.0, 0.0, 0.0, 1.0
18788.0, 4.0, 54.0, 0.0, 0.0, 0.0, 0.0
4977.0, 4.0, 4978.0, 0.0, 0.0, 0.0, 0.0
1810.0, 4.0, 1811.0, 0.0, 0.0, 0.0, 0.0
4696.0, 4.0, 4697.0, 0.0, 0.0, 0.0, 0.0
2596.0, 4.0, 1.0, 0.0, 1.0, 1.0, 1.0
18911.0, 4.0, 249.0, 0.0, 0.0, 0.0, 0.0
8488.0, 4.0, 8489.0, 0.0, 0.0, 0.0, 0.0
17146.0, 4.0, 1.0, 0.0, 0.0, 0.0, 1.0
5953.0, 1.0, 1.0, 0.0, 1.0, 6.0, 1.0
12052.0, 4.0, 162.0, 0.0, 0.0, 0.0, 0.0
13642.0, 1.0, 4.0, 1.0, 0.0, 0.0, 1.0
2741.0, 3.0, 0.0, 1.0, 0.0, 0.0, 1.0
17886.0, 4.0, 215.0, 0.0, 0.0, 0.0, 0.0
14291.0, 1.0, 0.0, 1.0, 0.0, 0.0, 1.0
1043.0, 3.0, 0.0, 0.0, 0.0, 0.0, 1.0
17747.0, 1.0, 0.0, 1.0, 0.0, 0.0, 1.0
18007.0, 4.0, 18008.0, 0.0, 0.0, 0.0, 0.0
15291.0, 1.0, 1.0, 0.0, 0.0, 0.0, 1.0
16658.0, 4.0, 1.0, 0.0, 0.0, 0.0, 0.0
11193.0, 4.0, 945.0, 0.0, 0.0, 0.0, 0.0
12695.0, 4.0, 2000.0, 0.0, 0.0, 0.0, 0.0
4527.0, 4.0, 1863.0, 0.0, 0.0, 0.0, 0.0
5207.0, 3.0, 0.0, 0.0, 0.0, 0.0, 1.0
4730.0, 1.0, 0.0, 1.0, 0.0, 0.0, 1.0
4932.0, 4.0, 1.0, 0.0, 1.0, 1.0, 1.0
7804.0, 3.0, 1.0, 0.0, 0.0, 0.0, 1.0
17725.0, 4.0, 17726.0, 0.0, 0.0, 0.0, 0.0
10702.0, 3.0, 1.0, 0.0, 1.0, 6.0, 1.0
2647.0, 1.0, 1.0, 0.0, 1.0, 10.0, 1.0
3423.0, 4.0, 103.0, 0.0, 0.0, 0.0, 0.0
2566.0, 4.0, 978.0, 0.0, 0.0, 0.0, 0.0
10209.0, 3.0, 0.0, 1.0, 0.0, 0.0, 1.0
1459.0, 4.0, 1460.0, 0.0, 0.0, 0.0, 0.0
9492.0, 4.0, 40.0, 0.0, 0.0, 0.0, 0.0
15781.0, 4.0, 60.0, 0.0, 0.0, 0.0, 0.0
12838.0, 4.0, 1.0, 0.0, 1.0, 1.0, 1.0
19078.0, 4.0, 19079.0, 0.0, 0.0, 0.0, 0.0
2976.0, 4.0, 2977.0, 0.0, 0.0, 0.0, 0.0
8592.0, 4.0, 8593.0, 0.0, 0.0, 0.0, 0.0
19951.0, 3.0, 0.0, 0.0, 0.0, 0.0, 1.0
11365.0, 4.0, 11366.0, 0.0, 0.0, 0.0, 0.0
18967.0, 4.0, 704.0, 0.0, 0.0, 0.0, 0.0
5004.0, 4.0, 1.0, 0.0, 1.0, 1.0, 1.0
3051.0, 4.0, 334.0, 0.0, 0.0, 0.0, 0.0
5380.0, 4.0, 219.0, 0.0, 0.0, 0.0, 0.0
1039.0, 3.0, 0.0, 0.0, 0.0, 0.0, 1.0
3970.0, 4.0, 3971.0, 0.0, 0.0, 0.0, 0.0
20324.0, 1.0, 1.0, 0.0, 0.0, 0.0, 1.0
7739.0, 4.0, 187.0, 0.0, 0.0, 0.0, 0.0
19796.0, 4.0, 8.0, 0.0, 0.0, 0.0, 0.0
17848.0, 4.0, 6.0, 0.0, 0.0, 0.0, 0.0
1273.0, 4.0, 78.0, 0.0, 0.0, 0.0, 0.0
5570.0, 4.0, 5571.0, 0.0, 0.0, 0.0, 0.0
10725.0, 2.0, 1.0, 0.0, 0.0, 0.0, 1.0
15251.0, 4.0, 15252.0, 0.0, 0.0, 0.0, 0.0
2086.0, 4.0, 1.0, 0.0, 0.0, 0.0, 1.0
19455.0, 4.0, 19456.0, 0.0, 0.0, 0.0, 0.0
16317.0, 3.0, 0.0, 0.0, 0.0, 0.0, 0.0
6524.0, 4.0, 6525.0, 0.0, 0.0, 0.0, 0.0
2289.0, 4.0, 82.0, 0.0, 0.0, 0.0, 0.0
11233.0, 1.0, 0.0, 0.0, 0.0, 0.0, 1.0
5595.0, 1.0, 1.0, 0.0, 0.0, 0.0, 1.0
11533.0, 4.0, 245.0, 0.0, 0.0, 0.0, 0.0
16744.0, 4.0, 1.0, 0.0, 1.0, 1.0, 1.0
11190.0, 4.0, 11191.0, 0.0, 0.0, 0.0, 0.0
17622.0, 4.0, 1.0, 0.0, 1.0, 1.0, 1.0
5497.0, 4.0, 144.0, 0.0, 0.0, 0.0, 0.0
13463.0, 4.0, 13464.0, 0.0, 0.0, 0.0, 0.0
20119.0, 2.0, 1.0, 0.0, 1.0, 5.0, 1.0
8310.0, 1.0, 0.0, 1.0, 0.0, 0.0, 1.0
3792.0, 4.0, 1163.0, 0.0, 0.0, 0.0, 0.0
20493.0, 3.0, 0.0, 0.0, 0.0, 0.0, 1.0
12207.0, 3.0, 0.0, 0.0, 0.0, 0.0, 1.0
1349.0, 3.0, 0.0, 0.0, 0.0, 0.0, 1.0
7930.0, 1.0, 1.0, 0.0, 0.0, 0.0, 1.0
16569.0, 3.0, 0.0, 0.0, 0.0, 0.0, 1.0
10900.0, 4.0, 10901.0, 0.0, 0.0, 0.0, 0.0
7314.0, 4.0, 7315.0, 0.0, 0.0, 0.0, 0.0
4532.0, 4.0, 1.0, 0.0, 1.0, 1.0, 1.0
7436.0, 4.0, 350.0, 0.0, 0.0, 0.0, 0.0
3569.0, 4.0, 3570.0, 0.0, 0.0, 0.0, 0.0
2601.0, 4.0, 2602.0, 0.0, 0.0, 0.0, 0.0
16320.0, 4.0, 1.0, 0.0, 0.0, 0.0, 1.0
11852.0, 1.0, 1.0, 0.0, 0.0, 0.0, 1.0
1622.0, 4.0, 1623.0, 0.0, 0.0, 0.0, 0.0
9781.0, 3.0, 0.0, 0.0, 0.0, 0.0, 1.0
5157.0, 3.0, 0.0, 0.0, 1.0, 3117.0, 1.0
16455.0, 3.0, 0.0, 0.0, 0.0, 0.0, 1.0
18489.0, 1.0, 1.0, 0.0, 0.0, 0.0, 1.0
13498.0, 4.0, 13499.0, 0.0, 0.0, 0.0, 0.0
17756.0, 1.0, 0.0, 0.0, 1.0, 12727.0, 1.0
7958.0, 4.0, 7959.0, 0.0, 0.0, 0.0, 0.0
18669.0, 1.0, 1.0, 0.0, 1.0, 6.0, 1.0
14824.0, 4.0, 1047.0, 0.0, 0.0, 0.0, 0.0
16438.0, 1.0, 0.0, 1.0, 0.0, 0.0, 1.0
14737.0, 1.0, 0.0, 1.0, 0.0, 0.0, 1.0
11023.0, 4.0, 34.0, 0.0, 0.0, 0.0, 0.0
11844.0, 4.0, 214.0, 0.0, 0.0, 0.0, 0.0
20306.0, 4.0, 353.0, 0.0, 0.0, 0.0, 0.0
15844.0, 1.0, 0.0, 1.0, 0.0, 0.0, 1.0
6089.0, 4.0, 6090.0, 0.0, 0.0, 0.0, 0.0
1715.0, 4.0, 1716.0, 0.0, 0.0, 0.0, 0.0
14811.0, 1.0, 1.0, 0.0, 1.0, 6.0, 1.0
12931.0, 3.0, 0.0, 0.0, 0.0, 0.0, 1.0
18776.0, 1.0, 1.0, 0.0, 1.0, 6.0, 1.0
8036.0, 4.0, 8037.0, 0.0, 0.0, 0.0, 0.0
14321.0, 4.0, 14322.0, 0.0, 0.0, 0.0, 0.0
15365.0, 4.0, 370.0, 0.0, 0.0, 0.0, 0.0
5856.0, 2.0, 1.0, 0.0, 1.0, 4.0, 1.0
1384.0, 4.0, 108.0, 0.0, 0.0, 0.0, 0.0
13464.0, 4.0, 1.0, 0.0, 1.0, 1.0, 1.0
2067.0, 4.0, 2068.0, 0.0, 0.0, 0.0, 0.0
19724.0, 4.0, 68.0, 0.0, 0.0, 0.0, 0.0
11587.0, 3.0, 0.0, 0.0, 1.0, 7940.0, 1.0
11901.0, 3.0, 0.0, 0.0, 0.0, 0.0, 1.0
20967.0, 1.0, 1.0, 0.0, 0.0, 0.0, 1.0
3339.0, 4.0, 753.0, 0.0, 0.0, 0.0, 0.0
11806.0, 4.0, 11807.0, 0.0, 0.0, 0.0, 0.0
2112.0, 4.0, 1.0, 0.0, 0.0, 0.0, 1.0
15197.0, 1.0, 1.0, 0.0, 0.0, 0.0, 1.0
5754.0, 1.0, 1.0, 0.0, 0.0, 0.0, 1.0
8947.0, 3.0, 0.0, 0.0, 0.0, 0.0, 1.0
12235.0, 3.0, 0.0, 0.0, 1.0, 8426.0, 1.0
3466.0, 4.0, 1.0, 0.0, 1.0, 1.0, 1.0
15902.0, 4.0, 1.0, 0.0, 1.0, 1.0, 1.0
20160.0, 4.0, 1.0, 0.0, 0.0, 0.0, 1.0
20236.0, 4.0, 1.0, 0.0, 1.0, 1.0, 1.0
16316.0, 4.0, 1.0, 0.0, 1.0, 1.0, 1.0
9060.0, 4.0, 9060.0, 0.0, 0.0, 0.0, 0.0
6599.0, 4.0, 6.0, 0.0, 0.0, 0.0, 0.0
2552.0, 4.0, 0.0, 0.0, 0.0, 0.0, 1.0
9903.0, 4.0, 9903.0, 0.0, 0.0, 0.0, 0.0
13878.0, 4.0, 13878.0, 0.0, 0.0, 0.0, 0.0
8011.0, 1.0, 1.0, 0.0, 1.0, 6.0, 1.0
15244.0, 4.0, 27.0, 0.0, 0.0, 0.0, 0.0
19666.0, 4.0, 188.0, 0.0, 0.0, 0.0, 0.0
18030.0, 4.0, 915.0, 0.0, 0.0, 0.0, 0.0
3840.0, 4.0, 3841.0, 0.0, 0.0, 0.0, 0.0
2699.0, 1.0, 0.0, 0.0, 0.0, 0.0, 1.0
8533.0, 1.0, 0.0, 1.0, 0.0, 0.0, 1.0
5616.0, 2.0, 1.0, 0.0, 1.0, 4.0, 1.0
12421.0, 4.0, 144.0, 0.0, 0.0, 0.0, 0.0
14742.0, 4.0, 104.0, 0.0, 0.0, 0.0, 0.0
3887.0, 4.0, 3887.0, 0.0, 0.0, 0.0, 0.0
15156.0, 4.0, 9.0, 0.0, 0.0, 0.0, 0.0
11774.0, 1.0, 0.0, 0.0, 0.0, 0.0, 1.0
9075.0, 4.0, 308.0, 0.0, 0.0, 0.0, 0.0
15340.0, 3.0, 0.0, 1.0, 0.0, 0.0, 1.0
10113.0, 4.0, 1.0, 0.0, 1.0, 4.0, 1.0
4091.0, 4.0, 4091.0, 0.0, 0.0, 0.0, 0.0
13223.0, 3.0, 0.0, 0.0, 0.0, 0.0, 1.0
2724.0, 1.0, 1.0, 0.0, 0.0, 0.0, 1.0
5280.0, 0.0, 1.0, 0.0, 0.0, 0.0, 1.0
14260.0, 4.0, 1.0, 0.0, 0.0, 0.0, 1.0
15863.0, 3.0, 0.0, 0.0, 0.0, 0.0, 1.0
7490.0, 4.0, 89.0, 0.0, 0.0, 0.0, 0.0
11769.0, 4.0, 11770.0, 0.0, 0.0, 0.0, 0.0
4739.0, 4.0, 194.0, 0.0, 0.0, 0.0, 0.0
20940.0, 1.0, 0.0, 0.0, 0.0, 0.0, 1.0
11971.0, 2.0, 1.0, 0.0, 1.0, 4.0, 1.0
15865.0, 4.0, 1.0, 0.0, 0.0, 0.0, 1.0
9831.0, 4.0, 9832.0, 0.0, 0.0, 0.0, 0.0
14626.0, 4.0, 1.0, 0.0, 1.0, 1.0, 1.0
18004.0, 4.0, 18005.0, 0.0, 0.0, 0.0, 0.0
12444.0, 4.0, 12445.0, 0.0, 0.0, 0.0, 0.0
5492.0, 4.0, 5492.0, 0.0, 0.0, 0.0, 0.0
11851.0, 0.0, 1.0, 0.0, 0.0, 0.0, 1.0
7829.0, 1.0, 1.0, 0.0, 0.0, 0.0, 1.0
4662.0, 4.0, 683.0, 0.0, 0.0, 0.0, 0.0
7549.0, 4.0, 43.0, 0.0, 0.0, 0.0, 0.0
13252.0, 4.0, 9.0, 0.0, 0.0, 0.0, 0.0
10616.0, 4.0, 4.0, 0.0, 0.0, 0.0, 0.0
4103.0, 4.0, 139.0, 0.0, 0.0, 0.0, 0.0
20066.0, 4.0, 20067.0, 0.0, 0.0, 0.0, 0.0
7891.0, 4.0, 784.0, 0.0, 0.0, 0.0, 0.0
14574.0, 2.0, 1.0, 0.0, 0.0, 0.0, 1.0
9394.0, 2.0, 1.0, 0.0, 1.0, 3.0, 1.0
20658.0, 3.0, 0.0, 0.0, 0.0, 0.0, 1.0
8527.0, 4.0, 531.0, 0.0, 0.0, 0.0, 0.0
19490.0, 1.0, 0.0, 1.0, 0.0, 0.0, 1.0
16679.0, 4.0, 1.0, 0.0, 0.0, 0.0, 1.0
6115.0, 3.0, 0.0, 1.0, 0.0, 0.0, 1.0
13032.0, 4.0, 262.0, 0.0, 0.0, 0.0, 0.0
12734.0, 4.0, 1.0, 0.0, 1.0, 1.0, 1.0
8296.0, 4.0, 71.0, 0.0, 0.0, 0.0, 0.0
13806.0, 1.0, 0.0, 1.0, 0.0, 0.0, 1.0
7807.0, 4.0, 1.0, 0.0, 0.0, 0.0, 1.0
1442.0, 4.0, 1.0, 0.0, 1.0, 1.0, 1.0
18818.0, 4.0, 58.0, 0.0, 0.0, 0.0, 0.0
10299.0, 4.0, 853.0, 0.0, 0.0, 0.0, 0.0
8994.0, 1.0, 0.0, 1.0, 0.0, 0.0, 1.0
1417.0, 4.0, 1.0, 0.0, 0.0, 0.0, 1.0
2053.0, 4.0, 2054.0, 0.0, 0.0, 0.0, 0.0
2596.0, 4.0, 1.0, 0.0, 1.0, 1.0, 1.0
18590.0, 4.0, 18591.0, 0.0, 0.0, 0.0, 0.0
20039.0, 1.0, 1.0, 0.0, 0.0, 0.0, 1.0
12433.0, 4.0, 12433.0, 0.0, 0.0, 0.0, 0.0
7302.0, 1.0, 0.0, 1.0, 0.0, 0.0, 1.0
6495.0, 3.0, 0.0, 0.0, 0.0, 0.0, 1.0
20532.0, 4.0, 20533.0, 0.0, 0.0, 0.0, 0.0
7393.0, 3.0, 0.0, 0.0, 0.0, 0.0, 1.0
17535.0, 4.0, 17536.0, 0.0, 0.0, 0.0, 0.0
7263.0, 4.0, 7264.0, 0.0, 0.0, 0.0, 0.0
5952.0, 4.0, 0.0, 0.0, 0.0, 0.0, 1.0
14844.0, 4.0, 14845.0, 0.0, 0.0, 0.0, 0.0
19396.0, 1.0, 1.0, 0.0, 1.0, 6.0, 1.0
8379.0, 4.0, 8380.0, 0.0, 0.0, 0.0, 0.0
17585.0, 4.0, 17586.0, 0.0, 0.0, 0.0, 0.0
9597.0, 4.0, 141.0, 0.0, 0.0, 0.0, 0.0
3906.0, 4.0, 1129.0, 0.0, 0.0, 0.0, 0.0
9746.0, 4.0, 4.0, 0.0, 0.0, 0.0, 0.0
12518.0, 1.0, 1.0, 0.0, 0.0, 0.0, 1.0
9075.0, 4.0, 983.0, 0.0, 0.0, 0.0, 0.0
10942.0, 1.0, 1.0, 0.0, 1.0, 6.0, 1.0
16310.0, 1.0, 0.0, 1.0, 0.0, 0.0, 1.0
19198.0, 1.0, 0.0, 1.0, 0.0, 0.0, 1.0
5590.0, 1.0, 1.0, 0.0, 1.0, 6.0, 1.0
9859.0, 4.0, 1.0, 0.0, 1.0, 1.0, 1.0
9791.0, 4.0, 186.0, 0.0, 0.0, 0.0, 0.0
16358.0, 1.0, 1.0, 0.0, 1.0, 6.0, 1.0
9855.0, 4.0, 9856.0, 0.0, 0.0, 0.0, 0.0
6412.0, 4.0, 6413.0, 0.0, 0.0, 0.0, 0.0
14955.0, 4.0, 1.0, 0.0, 0.0, 0.0, 1.0
11204.0, 4.0, 11205.0, 0.0, 0.0, 0.0, 0.0
20962.0, 1.0, 1.0, 0.0, 0.0, 0.0, 1.0
11925.0, 4.0, 11926.0, 0.0, 0.0, 0.0, 0.0
7035.0, 4.0, 1.0, 0.0, 0.0, 0.0, 1.0
14168.0, 4.0, 1.0, 0.0, 1.0, 1.0, 1.0
12720.0, 4.0, 79.0, 0.0, 0.0, 0.0, 0.0
9996.0, 4.0, 9997.0, 0.0, 0.0, 0.0, 0.0
3854.0, 2.0, 0.0, 1.0, 0.0, 0.0, 1.0
1104.0, 4.0, 1.0, 0.0, 1.0, 1.0, 1.0
7707.0, 4.0, 7708.0, 0.0, 0.0, 0.0, 0.0
10870.0, 4.0, 10871.0, 0.0, 0.0, 0.0, 0.0
15229.0, 4.0, 3172.0, 0.0, 0.0, 0.0, 0.0
17206.0, 1.0, 1.0, 0.0, 0.0, 0.0, 1.0
18037.0, 4.0, 1.0, 0.0, 1.0, 1.0, 1.0
3518.0, 4.0, 281.0, 0.0, 0.0, 0.0, 0.0
9213.0, 1.0, 0.0, 1.0, 0.0, 0.0, 1.0
10293.0, 4.0, 10294.0, 0.0, 0.0, 0.0, 0.0
16709.0, 4.0, 16710.0, 0.0, 0.0, 0.0, 0.0
3299.0, 4.0, 3300.0, 0.0, 0.0, 0.0, 0.0
2998.0, 4.0, 1.0, 0.0, 1.0, 1.0, 1.0
10594.0, 4.0, 336.0, 0.0, 0.0, 0.0, 0.0
8795.0, 4.0, 8795.0, 0.0, 0.0, 0.0, 0.0
12000.0, 1.0, 0.0, 0.0, 0.0, 0.0, 1.0
2773.0, 4.0, 2774.0, 0.0, 0.0, 0.0, 0.0
2086.0, 4.0, 2086.0, 0.0, 0.0, 0.0, 0.0
11971.0, 4.0, 232.0, 0.0, 0.0, 0.0, 0.0
7335.0, 4.0, 214.0, 0.0, 0.0, 0.0, 0.0
7117.0, 4.0, 1107.0, 0.0, 0.0, 0.0, 0.0
14380.0, 4.0, 1.0, 0.0, 1.0, 1.0, 0.0
14616.0, 1.0, 1.0, 0.0, 0.0, 0.0, 1.0
7830.0, 4.0, 1360.0, 0.0, 0.0, 0.0, 0.0
10263.0, 3.0, 0.0, 0.0, 0.0, 0.0, 1.0
9141.0, 4.0, 9142.0, 0.0, 0.0, 0.0, 0.0
9651.0, 1.0, 1.0, 0.0, 1.0, 6.0, 1.0
1770.0, 4.0, 1771.0, 0.0, 0.0, 0.0, 0.0
2237.0, 4.0, 1.0, 0.0, 0.0, 0.0, 1.0
18569.0, 4.0, 257.0, 0.0, 0.0, 0.0, 0.0
7216.0, 1.0, 0.0, 1.0, 0.0, 0.0, 1.0
11102.0, 4.0, 42.0, 0.0, 0.0, 0.0, 0.0
10463.0, 3.0, 0.0, 0.0, 0.0, 0.0, 1.0
18987.0, 1.0, 1.0, 0.0, 1.0, 6.0, 1.0
11121.0, 3.0, 0.0, 0.0, 0.0, 0.0, 1.0
18200.0, 4.0, 1.0, 0.0, 1.0, 1.0, 1.0
5009.0, 3.0, 0.0, 0.0, 0.0, 0.0, 1.0
3535.0, 4.0, 3536.0, 0.0, 0.0, 0.0, 0.0
18716.0, 1.0, 0.0, 1.0, 0.0, 0.0, 1.0
2413.0, 4.0, 2414.0, 0.0, 0.0, 0.0, 0.0
3235.0, 3.0, 0.0, 0.0, 0.0, 0.0, 1.0
10355.0, 4.0, 111.0, 0.0, 0.0, 0.0, 0.0
20814.0, 4.0, 29.0, 0.0, 1.0, 1.0, 0.0
18617.0, 4.0, 18618.0, 0.0, 0.0, 0.0, 0.0
7310.0, 4.0, 7311.0, 0.0, 0.0, 0.0, 0.0
12586.0, 4.0, 1.0, 0.0, 1.0, 1.0, 1.0
16561.0, 4.0, 16562.0, 0.0, 0.0, 0.0, 0.0
20407.0, 1.0, 1.0, 0.0, 1.0, 6.0, 1.0
4430.0, 1.0, 1.0, 0.0, 1.0, 6.0, 1.0
9888.0, 4.0, 0.0, 0.0, 0.0, 0.0, 1.0
9409.0, 3.0, 0.0, 0.0, 0.0, 0.0, 1.0
19860.0, 4.0, 19861.0, 0.0, 0.0, 0.0, 0.0
19807.0, 4.0, 493.0, 0.0, 0.0, 0.0, 0.0
3042.0, 1.0, 1.0, 0.0, 0.0, 0.0, 1.0
15249.0, 0.0, 1.0, 0.0, 0.0, 0.0, 1.0
13844.0, 4.0, 589.0, 0.0, 0.0, 0.0, 0.0
15818.0, 4.0, 15819.0, 0.0, 0.0, 0.0, 0.0
10645.0, 4.0, 10646.0, 0.0, 0.0, 0.0, 0.0
5844.0, 4.0, 515.0, 0.0, 0.0, 0.0, 0.0
8848.0, 4.0, 58.0, 0.0, 0.0, 0.0, 0.0
17801.0, 4.0, 0.0, 0.0, 0.0, 0.0, 1.0
2193.0, 4.0, 840.0, 0.0, 0.0, 0.0, 0.0
13405.0, 1.0, 1.0, 0.0, 0.0, 0.0, 1.0
1457.0, 3.0, 0.0, 0.0, 0.0, 0.0, 1.0
2994.0, 4.0, 1.0, 0.0, 1.0, 1.0, 1.0
9727.0, 1.0, 1.0, 0.0, 1.0, 6.0, 1.0
1983.0, 4.0, 245.0, 0.0, 0.0, 0.0, 0.0
3534.0, 1.0, 0.0, 1.0, 0.0, 0.0, 1.0
5134.0, 2.0, 1.0, 0.0, 1.0, 5.0, 1.0
11714.0, 4.0, 11715.0, 0.0, 0.0, 0.0, 0.0
7558.0, 4.0, 1.0, 0.0, 0.0, 0.0, 1.0
17324.0, 4.0, 89.0, 0.0, 0.0, 0.0, 0.0
19271.0, 4.0, 19272.0, 0.0, 0.0, 0.0, 0.0
13788.0, 1.0, 1.0, 0.0, 1.0, 6.0, 1.0
7366.0, 4.0, 7367.0, 0.0, 0.0, 0.0, 0.0
2535.0, 3.0, 0.0, 0.0, 0.0, 0.0, 1.0
2260.0, 4.0, 15.0, 0.0, 0.0, 0.0, 0.0
17823.0, 4.0, 214.0, 0.0, 0.0, 0.0, 0.0
15384.0, 1.0, 1.0, 0.0, 1.0, 6.0, 1.0
19493.0, 3.0, 0.0, 0.0, 0.0, 0.0, 1.0
16669.0, 4.0, 16670.0, 0.0, 0.0, 0.0, 0.0
11071.0, 4.0, 43.0, 0.0, 0.0, 0.0, 0.0
6649.0, 1.0, 1.0, 0.0, 1.0, 6.0, 1.0
15037.0, 4.0, 15038.0, 0.0, 0.0, 0.0, 0.0
10328.0, 4.0, 96.0, 0.0, 0.0, 0.0, 0.0
17796.0, 3.0, 0.0, 1.0, 0.0, 0.0, 1.0
20167.0, 3.0, 0.0, 0.0, 0.0, 0.0, 1.0
6778.0, 4.0, 1.0, 0.0, 1.0, 1.0, 1.0
15955.0, 3.0, 1.0, 0.0, 1.0, 6.0, 1.0
1403.0, 3.0, 0.0, 0.0, 0.0, 0.0, 1.0
6124.0, 4.0, 6125.0, 0.0, 0.0, 0.0, 0.0
5951.0, 4.0, 5952.0, 0.0, 0.0, 0.0, 0.0
16758.0, 4.0, 16759.0, 0.0, 0.0, 0.0, 0.0
11261.0, 3.0, 0.0, 0.0, 0.0, 0.0, 1.0
16559.0, 3.0, 0.0, 1.0, 0.0, 0.0, 1.0
13792.0, 4.0, 271.0, 0.0, 0.0, 0.0, 0.0
13335.0, 4.0, 13336.0, 0.0, 0.0, 0.0, 0.0
11967.0, 4.0, 1.0, 0.0, 0.0, 0.0, 1.0
7149.0, 4.0, 76.0, 0.0, 0.0, 0.0, 0.0
10782.0, 4.0, 1.0, 0.0, 1.0, 1.0, 1.0
5209.0, 3.0, 0.0, 0.0, 0.0, 0.0, 1.0
20294.0, 4.0, 104.0, 0.0, 0.0, 0.0, 0.0
8400.0, 4.0, 1.0, 0.0, 0.0, 0.0, 1.0
4212.0, 4.0, 0.0, 0.0, 0.0, 0.0, 1.0
19684.0, 4.0, 39.0, 0.0, 0.0, 0.0, 0.0
1349.0, 3.0, 0.0, 1.0, 0.0, 0.0, 1.0
17912.0, 0.0, 1.0, 1.0, 0.0, 0.0, 1.0
3026.0, 4.0, 198.0, 0.0, 0.0, 0.0, 0.0
7515.0, 4.0, 1064.0, 0.0, 0.0, 0.0, 0.0
1609.0, 4.0, 1610.0, 0.0, 0.0, 0.0, 0.0
2634.0, 4.0, 0.0, 0.0, 0.0, 0.0, 1.0
4960.0, 3.0, 1.0, 0.0, 1.0, 5.0, 1.0
3934.0, 4.0, 700.0, 0.0, 0.0, 0.0, 0.0
6792.0, 1.0, 0.0, 1.0, 0.0, 0.0, 1.0
12967.0, 4.0, 12968.0, 0.0, 0.0, 0.0, 0.0
13089.0, 4.0, 13090.0, 0.0, 0.0, 0.0, 0.0
14225.0, 4.0, 14226.0, 0.0, 0.0, 0.0, 0.0
8080.0, 4.0, 8080.0, 0.0, 0.0, 0.0, 0.0
8807.0, 1.0, 0.0, 1.0, 0.0, 0.0, 1.0
6048.0, 4.0, 6048.0, 0.0, 0.0, 0.0, 0.0
7931.0, 4.0, 7932.0, 0.0, 0.0, 0.0, 0.0
19682.0, 3.0, 1.0, 0.0, 0.0, 0.0, 1.0
19738.0, 4.0, 1.0, 0.0, 1.0, 1.0, 1.0
9156.0, 1.0, 1.0, 0.0, 1.0, 6.0, 1.0
12909.0, 3.0, 0.0, 0.0, 0.0, 0.0, 1.0
3747.0, 4.0, 163.0, 0.0, 0.0, 0.0, 0.0
1049.0, 4.0, 1050.0, 0.0, 0.0, 0.0, 0.0
5910.0, 4.0, 5911.0, 0.0, 0.0, 0.0, 0.0
4412.0, 4.0, 0.0, 0.0, 0.0, 0.0, 1.0
14839.0, 3.0, 0.0, 0.0, 0.0, 0.0, 1.0
2381.0, 4.0, 2382.0, 0.0, 0.0, 0.0, 0.0
17997.0, 4.0, 855.0, 0.0, 0.0, 0.0, 0.0
18425.0, 4.0, 1.0, 0.0, 1.0, 1.0, 1.0
19830.0, 4.0, 1.0, 0.0, 0.0, 0.0, 1.0
15102.0, 3.0, 0.0, 0.0, 0.0, 0.0, 1.0
13025.0, 4.0, 13026.0, 0.0, 0.0, 0.0, 0.0
6176.0, 4.0, 25.0, 0.0, 0.0, 0.0, 0.0
5855.0, 4.0, 5856.0, 0.0, 0.0, 0.0, 0.0
4316.0, 4.0, 12.0, 0.0, 0.0, 0.0, 0.0
19472.0, 4.0, 101.0, 0.0, 0.0, 0.0, 0.0
17227.0, 4.0, 55.0, 0.0, 0.0, 0.0, 0.0
3621.0, 4.0, 1.0, 0.0, 0.0, 0.0, 1.0
3824.0, 4.0, 1.0, 0.0, 0.0, 0.0, 1.0
4432.0, 2.0, 1.0, 0.0, 1.0, 6.0, 1.0
2894.0, 2.0, 1.0, 0.0, 1.0, 6.0, 1.0
12790.0, 4.0, 12791.0, 0.0, 0.0, 0.0, 0.0
13146.0, 4.0, 95.0, 0.0, 0.0, 0.0, 0.0
4557.0, 1.0, 1.0, 0.0, 1.0, 6.0, 1.0
7824.0, 4.0, 7825.0, 0.0, 0.0, 0.0, 0.0
12592.0, 2.0, 1.0, 0.0, 1.0, 1.0, 1.0
5155.0, 4.0, 5156.0, 0.0, 0.0, 0.0, 0.0
18914.0, 4.0, 562.0, 0.0, 0.0, 0.0, 0.0
19916.0, 4.0, 19917.0, 0.0, 0.0, 0.0, 0.0
16780.0, 4.0, 16781.0, 0.0, 0.0, 0.0, 0.0
19404.0, 4.0, 1.0, 0.0, 0.0, 0.0, 1.0
10032.0, 3.0, 0.0, 1.0, 0.0, 0.0, 1.0
14186.0, 4.0, 14187.0, 0.0, 0.0, 0.0, 0.0
9346.0, 1.0, 1.0, 0.0, 0.0, 0.0, 1.0
16603.0, 2.0, 1.0, 0.0, 1.0, 4.0, 1.0
19594.0, 3.0, 0.0, 0.0, 0.0, 0.0, 1.0
10780.0, 4.0, 10781.0, 0.0, 0.0, 0.0, 0.0
7620.0, 4.0, 575.0, 0.0, 0.0, 0.0, 0.0
12320.0, 4.0, 16.0, 0.0, 0.0, 0.0, 0.0
9405.0, 4.0, 1522.0, 0.0, 0.0, 0.0, 0.0
10335.0, 3.0, 0.0, 0.0, 0.0, 0.0, 1.0
16243.0, 1.0, 0.0, 1.0, 0.0, 0.0, 1.0
10218.0, 1.0, 0.0, 1.0, 0.0, 0.0, 1.0
14545.0, 3.0, 0.0, 0.0, 0.0, 0.0, 1.0
17304.0, 4.0, 1.0, 0.0, 1.0, 1.0, 1.0
11343.0, 4.0, 1.0, 0.0, 0.0, 0.0, 1.0
5592.0, 4.0, 1.0, 0.0, 1.0, 1.0, 1.0
10403.0, 4.0, 1.0, 0.0, 1.0, 1.0, 1.0
13739.0, 1.0, 1.0, 0.0, 1.0, 6.0, 1.0
9586.0, 4.0, 9586.0, 0.0, 0.0, 0.0, 0.0
16123.0, 1.0, 1.0, 0.0, 0.0, 0.0, 1.0
5901.0, 3.0, 0.0, 0.0, 0.0, 0.0, 1.0
17644.0, 4.0, 129.0, 0.0, 0.0, 0.0, 0.0
8124.0, 4.0, 1.0, 0.0, 1.0, 1.0, 1.0
13662.0, 4.0, 274.0, 0.0, 0.0, 0.0, 0.0
12140.0, 4.0, 0.0, 0.0, 0.0, 0.0, 1.0
7784.0, 4.0, 267.0, 0.0, 0.0, 0.0, 0.0
1735.0, 4.0, 1.0, 0.0, 0.0, 0.0, 1.0
11572.0, 1.0, 1.0, 0.0, 0.0, 0.0, 1.0
5057.0, 1.0, 1.0, 0.0, 0.0, 0.0, 1.0
2716.0, 4.0, 1.0, 0.0, 1.0, 1.0, 1.0
18961.0, 3.0, 0.0, 0.0, 0.0, 0.0, 1.0
8519.0, 4.0, 8520.0, 0.0, 0.0, 0.0, 0.0
7087.0, 4.0, 1.0, 0.0, 0.0, 0.0, 1.0
10277.0, 1.0, 1.0, 0.0, 0.0, 0.0, 1.0
8029.0, 4.0, 8030.0, 0.0, 0.0, 0.0, 0.0
16024.0, 4.0, 0.0, 0.0, 0.0, 0.0, 1.0
1942.0, 4.0, 1943.0, 0.0, 0.0, 0.0, 0.0
12555.0, 4.0, 1.0, 0.0, 0.0, 0.0, 0.0
17916.0, 4.0, 1.0, 0.0, 0.0, 0.0, 1.0
10014.0, 4.0, 10014.0, 0.0, 0.0, 0.0, 0.0
11278.0, 4.0, 11279.0, 0.0, 0.0, 0.0, 0.0
4394.0, 4.0, 1.0, 0.0, 0.0, 0.0, 1.0
9397.0, 4.0, 220.0, 0.0, 0.0, 0.0, 0.0
18223.0, 4.0, 450.0, 0.0, 0.0, 0.0, 0.0
17053.0, 3.0, 0.0, 0.0, 0.0, 0.0, 1.0
16961.0, 4.0, 40.0, 0.0, 0.0, 0.0, 0.0
3695.0, 4.0, 3695.0, 0.0, 0.0, 0.0, 0.0
14874.0, 4.0, 30.0, 0.0, 0.0, 0.0, 0.0
18923.0, 4.0, 1.0, 0.0, 0.0, 0.0, 1.0
6655.0, 1.0, 0.0, 0.0, 0.0, 0.0, 1.0
19349.0, 4.0, 1.0, 0.0, 0.0, 0.0, 1.0
18368.0, 4.0, 121.0, 0.0, 0.0, 0.0, 0.0
16882.0, 4.0, 16883.0, 0.0, 0.0, 0.0, 0.0
14633.0, 4.0, 14634.0, 0.0, 0.0, 0.0, 0.0
5577.0, 4.0, 0.0, 0.0, 0.0, 0.0, 1.0
3623.0, 1.0, 0.0, 0.0, 0.0, 0.0, 1.0
6835.0, 3.0, 0.0, 0.0, 0.0, 0.0, 1.0
19539.0, 4.0, 1222.0, 0.0, 0.0, 0.0, 0.0
3501.0, 4.0, 3501.0, 0.0, 0.0, 0.0, 0.0
5335.0, 4.0, 5336.0, 0.0, 0.0, 0.0, 0.0
8746.0, 4.0, 0.0, 0.0, 0.0, 0.0, 1.0
17265.0, 3.0, 0.0, 0.0, 0.0, 0.0, 1.0
17698.0, 4.0, 17699.0, 0.0, 0.0, 0.0, 0.0
