1, 3, 1244.6327000556726, 870.0529997538989, -1315.2145555879526, 12503.646750471495, 14652.21007369008, 13727.936772630143, 31.555555555555557
2, 3, 1960.791176544675, 3392.7798618124184, -531.2356380750797, 18491.766128864027, 21873.385882700786, 18745.289186161725, 0.07407407407407407
3, 3, 17.613386550823947, -20.500754814090783, 0.9060945800056605, 182.50325596139356, 142.28229579457536, 794.1068238106708, 18.59259259259259
4, 3, 0.009514754098001354, -0.060158623283706296, 0.035343184997773676, -0.17010175240192368, -0.6236232786991779, 19.971477317899215, 20.22222222222222
5, 3, 50.68272485162159, -53.73069741436247, -93.30331100802611, 1441.4283981918472, 1397.4647530577895, 845.8496976513758, 21.74074074074074
6, 3, 603.8750000116082, 2365.255978877752, -537.16988519746, 7019.887500035488, 8793.557500013734, 5530.638476564861, 0.07407407407407407
7, 3, 566.2053689802345, 1207.2197751769245, -520.1529176981874, 6841.682654726414, 8493.669565312981, 5965.942903278655, 0.0
15, 0, 63.928791158623326, -213.55093260373357, 2.3000639115868244, 1396.2134233746692, 583.5116769139868, 894.0563081027104, 26.14814814814815
23, 0, 1515.887104755686, 4689.460390798959, -633.6700967081075, 16127.184035392911, 17863.587864648453, 14744.925774226982, 0.0
31, 0, 1542.8517151672609, 7332.097190177847, -553.8607450456898, 17179.246503566206, 18115.48584843019, 15040.611354143353, 0.07407407407407407
39, 0, 857.0569620559995, 3215.6421951724597, -477.6162801735928, 9771.968712659733, 11278.429619958266, 7939.363483725786, 0.0
47, 0, 945.6957522145623, 6352.485545990833, -630.1293562067551, 11251.352670797598, 12276.368362951922, 8880.148843049734, 0.0
55, 0, 453.9040000095025, 3464.0705102308043, -567.7594051952517, 5166.27919999582, 7368.038400007253, 3812.0083200591353, 0.07407407407407407
63, 0, 299.3360000073994, 2158.326836744505, -705.8168394440102, 3267.9063999933073, 5894.283999981183, 3208.5456000732715, 0.07407407407407407
62, 1, 193.4977222194958, 20.887206348790993, -250.89135018134334, 1528.6272777792133, 3591.8547911308087, 1402.254217243754, 16.074074074074073
61, 1, 717.5033940167405, 3604.5768342286474, -1150.8942759443014, 8561.037143129499, 10002.502117960817, 7174.000425835654, 0.0
60, 1, 409.3736177336758, 1386.472592647229, -510.87691523616195, 5612.004810103671, 6940.352092698605, 4849.452862798859, 0.0
59, 1, 605.4480519756253, 3655.4798732457125, -599.349973655655, 7597.83064935808, 8903.470649263743, 5525.07669918401, 0.0
58, 1, 687.2191781261245, 3691.345166882895, -696.8513655226259, 7592.242591529326, 9714.8383723637, 6863.568661993504, 0.0
57, 1, 244.71193845737486, 1809.4049009124312, -496.2452100254958, 3979.92384614556, 5386.163455639874, 3348.5426519280445, 0.0
56, 1, 50.74829999797618, 122.07219132204929, -391.72559036664643, 0.0, 2845.495960053906, 569.0991919932845, 33.333333333333336
48, 2, 415.08280256944244, 2531.7296892890763, -677.8341511338268, 712.2973516595246, 6982.1704458971035, 2717.0008519831354, 0.0
40, 2, 137.29403547285554, 832.2156467524253, -923.0507728306173, 2302.7329032284047, 4212.4603949618395, 2309.341270692405, 0.07407407407407407
32, 2, 116.81077647008033, 113.03180806925303, -354.52381144997497, 1241.993594771364, 2972.880658571273, 1174.214555059676, 15.777777777777779
24, 2, 504.8661131159637, 3954.2100500700876, -715.7444358168872, 5844.0369934422815, 8040.060392034396, 5173.748301910605, 0.0
16, 2, 292.0919000056837, 2076.3973877601375, -711.7258416186019, 2880.9872000040764, 5893.508899996048, 3481.327060052671, 0.07407407407407407
8, 2, 210.91199999874055, 1504.883265293367, -1239.3267404042024, 2404.759200005047, 5123.673600026436, 2933.7945600412418, 0.07407407407407407
0, 2, 2393.000100028065, 20661.839142117708, -1577.1394846171731, 0.0, 26016.224938871062, 26016.224938871062, 0.07407407407407407
1, 3, 477.1819000047589, 427.5243959970897, -3.680040999965742, 275.58459599958087, 229.69582800065007, 2110.6930469372114, 31.555555555555557
2, 3, 541.699499996358, 556.5859740045419, -61.162324997895084, 284.80557399956615, 271.44281200682485, 1588.2153250216813, 17.48148148148148
3, 3, 879.9317999620565, 1208.5759110095255, -164.48693899519148, 459.0776299848013, 442.08548297715424, 14095.900267733834, 18.59259259259259
4, 3, 395.2429999981716, 494.2472090004655, -71.5162419981083, 208.27972900301154, 205.0569690098739, 1145.3586289987086, 20.185185185185187
5, 3, 592.3280999843149, 1497.564579017253, -167.63810199598058, 307.0309289957618, 303.31940899924535, 4372.6483390910635, 21.74074074074074
6, 3, 66.25630000033419, 55.89522599874936, -7.559211000049999, 69.17191500035861, 36.51203899991584, 301.08942100856154, 26.51851851851852
7, 3, 64.87160000043484, -13.841482000033189, -0.3320550000025694, 75.81551799933086, 32.71144199967033, 358.94008700840334, 26.11111111111111
15, 0, 221.88719999810277, 76.39320799933785, -10.716865000128815, 149.1008890002277, 110.8710110035864, 2119.460510022409, 26.11111111111111
23, 0, 383.49749999962944, 604.5207190000618, -75.6589059987003, 206.92920000168098, 197.7639960076611, 1188.8373330027457, 26.074074074074073
31, 0, 376.1351000012574, 746.6922460032025, -97.43328699735127, 210.01015000153828, 195.37367200952, 1161.0310419915984, 18.666666666666668
39, 0, 132.66349999728484, 196.76723299716897, -31.806812000130684, 100.04361199903822, 72.99485100264991, 474.98972499980954, 12.814814814814815
47, 0, 169.88739999824804, 455.7510420006236, -60.51017200020847, 119.4450020011303, 93.21139700224494, 579.4981879969636, 20.14814814814815
55, 0, -12.14309999950907, -3.0310909999861817, -0.01005200000074243, 25.004973999935558, -7.60558900003724, 53.9009380008778, 20.14814814814815
63, 0, -9.383499999843878, -5.592910999837151, -0.03578599999870031, 18.652897000000824, -5.7818200000036075, 64.47173900049715, 20.333333333333332
62, 1, -7.953899999942473, -0.6221179999989622, 0.00864799999995789, 8.465616999993129, -5.8008079999936655, 26.406314999431807, 23.11111111111111
61, 1, 120.79589999926228, 218.20631799785394, -26.502671000316894, 98.15844599982924, 64.93465500146789, 503.55854500320805, 19.0
60, 1, 11.004500000402954, -33.51964500072094, 0.09582600000022899, 60.161336999873825, 5.0842489999891205, 263.7442350172205, 20.37037037037037
59, 1, 50.55650000050162, 151.099882997404, -15.695145999943854, 63.438240000104486, 30.908119999634646, 263.6554340097362, 20.25925925925926
58, 1, 35.51419999971492, -7.205420999771756, -0.3272660000010711, 62.89784100014191, 21.714559999529108, 255.56298401184523, 23.925925925925927
57, 1, -6.060299999938388, -18.97934400019554, 0.05315600000013033, 38.475340000016516, -4.046420999908157, 157.42698900810336, 27.74074074074074
56, 1, 0.029899999999195372, -0.0012139999999755458, -0.0033560000001369964, 0.0, -0.02523200000002162, -0.02523200000002162, 33.25925925925926
48, 2, -0.09559999999385975, 0.000260000000033511, -0.02759800000014167, 1.085095999999874, -1.4696330000007551, 1.6941820000115195, 33.333333333333336
40, 2, -8.595299999862647, -10.289104999946495, 0.00994599999980818, 22.98819899997565, -4.977802000029816, 97.69384500306352, 22.185185185185187
32, 2, -10.813699999729293, -0.4459479999945537, -0.07855999999960786, 9.590456999996075, -6.578365000014337, 31.872041999538204, 29.814814814814813
24, 2, 25.81609999970635, 123.08739599870512, -9.112792000013526, 55.00964600007442, 16.475307999782704, 244.3986640074481, 31.185185185185187
16, 2, -10.822999999699679, -7.395160999767621, 0.026026999999933527, 21.90619599998367, -6.508871999992848, 81.12511000217837, 30.0
8, 2, -2.935700000033676, -8.970611999866735, -0.04859999999996573, 19.31224099997061, -2.758137999982943, 74.16154900165307, 33.74074074074074
0, 2, -0.007699999999878503, 0.0021820000000550756, -0.0005380000000124992, 0.0, 0.0005399999999865119, 0.0005399999999865119, 33.77777777777778
